ExtinctionRateChangeTimes
53.40085	39.09545
12.1938	49.7637	48.2451	38.16543	24.68719
2.601299

41.77746	10.97252
25.80832
43.93653	54.84939
22.94706
40.82155	20.65479	0.8220412	6.627298
51.09455	3.270624
49.56224

46.29283	36.29763	9.970785	49.04674
38.85131	32.77132	45.41327	8.791702
44.97057	0.04279136
46.39103
40.83381	50.28968
38.27209	33.09227
41.1831	33.03096	33.10501
38.98768	43.1042
55.0457

34.97546	23.35156	14.04126
49.57943	30.23238	40.24458

25.1115	34.73254
51.08518	40.20302
50.70654
39.36692	46.484	50.62039
31.44672	14.85343
42.18244	9.99641	19.15985	38.81502
37.91326	4.003437	1.260475
31.26965	16.30262	28.42259	14.08521	26.85008
42.85038	25.14165	34.47824
42.58377	31.04903	23.06176	37.86674


47.03002
39.68076	32.4012	19.13868

42.21765
40.8323

55.82141
42.49271	9.604062	6.860499	17.56711
53.0384	38.30456	30.27388
41.57594
37.61283	10.95879	50.75806	8.276412
38.4971
55.87989

40.43387
21.40888	8.16088	54.42231
24.39141
43.75124	29.65367
45.31622	31.82307
34.80096
40.42131	18.72372	3.421199
0.7025688	54.66727	48.18644	6.201439
37.74307	16.38689	13.03091	37.15174
48.432	2.205058
20.04776

44.8209	25.37744	10.02392	13.90773

51.50127	41.38463	22.84958
16.35142
25.78602	48.58699	31.97461
34.1304

40.8898	36.05176
28.59834	17.07296
9.046898	51.51352	23.65347	51.19447
35.02442	44.15412	29.54618	24.34117	24.02251
21.58329	14.90329
41.2225	35.86523
24.33195
39.156	34.45577
35.21241
45.64092	10.59345	0.2080597
18.70793
42.09515	0.4126493	40.2856
46.33415
1.31962	0.3479497

47.01058	29.37816	25.7741	1.770901


14.01501	45.01575	39.32396
51.32963	24.02145
10.11923

43.72544	29.36873	25.79826
38.52091

16.83444	28.95302
35.49924	55.56843
32.74332	53.27401	20.47076
43.74878	10.51561	35.62621
15.84784	43.77046	33.17287	46.89442
37.2391	19.57595	5.820902	19.53989
42.14787
54.06975

41.69673	16.18497
44.46936	20.75598
46.43633	27.02774	11.32435
43.89006
32.83031
35.20532	9.989938
39.59949
23.67464	37.21136	17.70146

35.28094
31.93259	11.94777
5.127693
43.19333	34.51351
17.97559	14.55172
21.12499
12.53817

41.82722
55.51565
25.46726

29.41012	26.20075

36.17796	27.62539	0.8993089
12.60641
43.22085	55.15793
42.97545
45.51834
20.49965
17.0412
23.45623	43.00156	34.19941	4.425595
44.59202
11.96669	45.77728
12.8449
37.70986
45.33423
5.04922	4.453629
25.01688
6.076052	50.62859
31.13493	26.63758	20.29496
27.79127	54.93913	51.48432
5.807178
50.51731	42.35274	35.0094
12.76292	40.26652	29.25218
39.7949

43.112	35.34996
46.7328

30.38568

18.30829
16.0131
25.26032	19.8336
44.13327	30.65321
39.47188	28.16149	24.14896
42.39656	36.24114	8.504314	1.065328


53.49162	42.92987	48.91775	41.87578	29.11046
41.05165

26.78643	25.17836
39.68278
21.94089	12.63258	36.84693


40.972

43.19687	10.2718
38.16943
39.58321	12.15926	27.15152	0.6962248
11.42439
2.920017	20.61987	56.05582	0.9434607

43.61811
24.18145
42.3675
44.33825

25.84179
29.66005	44.35482	23.23041

42.55171	34.90575	32.85639	27.77193	34.06919

40.22982	27.74897	27.65769
30.0047	22.6927	55.69217

7.289367

49.38623
28.75679
33.93726	10.37439	40.52758
9.015629
45.78273	51.79264
15.44165	7.825955
52.19482	0.8149426	20.31925
16.96333
21.21012	44.76023	25.8715	54.88022

46.07516
28.10766	17.58203
11.92752	42.84576

47.61226
37.11234
26.63485	9.059454
26.12173	20.94046	11.69527	29.03561
36.07971	33.04145
37.10034	30.36822


13.54943	55.43862

42.78641	22.4097
41.89013
32.69899	11.70003	50.82271
1.728866	0.4485884
44.99607	16.84726	33.88452	24.61089
43.08032	18.09127	12.00653	6.481518

21.9924
29.15648	15.97969	2.340605


45.53915
39.25138	54.78802	3.602509
16.61731
17.10356
7.951769	44.47436
49.85373	32.69756	17.34812	32.96488
40.51367
42.41783	39.34047

36.22608
18.20159	2.488876

26.68582	30.99176	5.854653
20.39599	40.28952	1.048903	53.14428
48.1889	45.04997
31.59183	40.42354	28.19985
46.17388
50.98368	29.14653	42.90866
42.01583	37.30091
16.38101
45.63854

33.00565	36.01639	9.072335
28.33261	45.91349	21.25579

39.24447	35.6383
47.67514	43.0145

1.193536
44.24321
41.02268	26.91092
48.35491	12.75796	39.57052	2.781414

36.35434	19.69755
30.28217	1.170429
25.91501
40.08504	7.679854
43.91179	49.20588
16.60997	11.399	18.72488	48.26659	4.218975


43.68091
34.71395	37.9809	12.1296	51.52892	39.86463
52.79501	23.64367
22.68509
45.27163
42.41149	4.052867
38.89094	51.67258	48.36713
39.85251	31.88199	31.36305
14.47062
24.8048	39.7813	54.37425
41.69842	4.714578
41.69842	39.19732	55.35186
25.29988
46.34385	12.61631

33.76629	22.73039
48.51169	53.14779	4.446258
41.00764	29.15587
5.360985
19.62967	20.358	17.65089

28.59347	27.51105	16.13245
25.34593
40.30503	49.4454	31.64484
28.18018	51.23341	20.12301	6.125783	33.79619
9.09078

45.41179	3.908269	30.33984	4.151955	42.29918
39.11156	31.7904	27.58691
25.37828
7.669889
26.53321

34.16133	7.97808
19.92178
15.17378
19.83854

3.606627	39.96873
46.31176	1.684049
43.49149	32.3814	13.14043
26.14848
30.11361	44.69567	11.40754	0.2899013
33.07061	42.54175
29.25522	43.92569	50.03824
36.76233	53.95719
50.27189
42.02938	6.310037
44.70078	37.41559	5.221418

14.52547	18.81356

7.387306	48.95978	0.3864874


47.92274	18.42182
16.83244
54.09177	24.99304
40.55077	21.72829
42.08696	36.1643	3.11864
53.60334
41.65551	11.98442	17.14504	33.53579	48.85447	25.44551
44.47573
21.21799	4.430797	41.66295

47.57834	53.57631
31.52563	32.98491
20.5337	52.26637	12.63995
38.94316	16.73126
41.58394	34.95138
19.88482

7.515344	42.43455
0.9380866
9.912112	23.83143	34.60063	11.57073	23.22478

16.15676	3.112556	28.40704	32.22988	22.81357
35.65724	36.49307
37.93117	7.484599
41.33081	44.64829
32.5687	41.03866
17.4546	47.2404
42.20016
42.72901	48.55044	35.50833
51.88662	6.303554
42.81219	13.57943
37.53642	15.22627	12.84664	14.87143
31.61161	40.99102
15.50215	46.88652
41.31732	29.96186	24.97182	37.56797
48.94173
52.24237

42.41203	15.38457	40.82868

24.10263	56.08853

16.69009	11.93877
21.52285
36.84994	18.0069
31.97666	46.49679	44.59625

28.09941	50.96318	23.15394
38.6814	3.549739	35.06737	24.4943

39.93529	9.039743
49.80875	0.7211514
34.95477	49.1957
39.58321	18.19783	44.76506	42.74786	34.44623	26.93103
14.26596
45.8804	38.39322	38.15
20.28586	48.03727	8.23424
43.45026
8.357293	30.67315	8.742542

45.34266	23.84544	23.82249
2.841866	42.60202
48.05955	37.59514	41.94858
42.74445
10.18848	25.0838
43.33437	10.56558
39.86893	37.7585	51.09708
45.633	30.60409	22.66253
27.52953
54.69414	5.622911
22.82601
33.87474
44.04116	12.90274	35.61953	40.42599
44.64567	24.91081	27.15288
45.76832	32.60126	49.03363
24.51546


23.29411
10.37175	3.933459
42.67542	13.05613
13.24514

14.57426	4.045633	55.82445
2.144355	0.8985377
13.58203
23.34753	15.6032
42.04576	6.821514
29.29694	10.65367
3.401298
19.48349
21.98622

46.73423	21.09526	15.76572	14.04352
45.26515
2.858001	8.670477
35.7705
43.39693	3.501576
19.11245
45.16492
38.54872	31.81533	4.151258

25.96248
45.50816	39.10887	0.8477533	37.56864

23.04881	43.0916
54.80957
41.99432	23.25803
43.05239	29.64602	24.74909	10.91996
51.99719	31.183
3.105533	41.95848
32.27485
40.98054	44.35341	35.16712	55.00142
42.04375
42.82549	50.75256
33.59923	42.74014	37.03393	11.71976
48.56843
42.29075
25.53905	12.78406
40.06635	4.260668
3.128633
23.66746	56.14932
42.36044	38.50518
34.00579	53.04873	11.73433
15.79802
44.739	29.04061
39.14376	4.797792
38.87535	35.31082	49.67889


18.64019
49.55811	33.36173	46.66508	9.320248
44.88394	36.059	42.61767	38.73797	41.88198
4.98811	36.98104
24.01861
52.34505	18.79244	51.77653
9.723139	2.817762

49.67708
10.33258	55.00358

15.45638
37.83994
37.10456	43.62927	38.88268
44.10079
32.21051	30.76813	23.46018
41.21847
41.23023	31.94214
22.7648
12.4304
19.39855	38.7657	30.77133	10.5689
46.89421	9.2437	7.641231
30.25761	0.6493094	4.911537
38.09545	15.79504	0.7821109	14.97598
42.29489
45.855
40.4206	2.175912	1.520365
37.16021	29.3976	2.722251
7.001373
40.81327	33.98665
28.59485	19.91312
50.51585	6.591301
41.05013	35.18305	21.06187
46.66655	2.258226
33.95051	10.79691

40.17222
6.611711
45.48963
50.52037	39.45277	28.33924
3.4597
23.703
3.667575

39.83928	34.45058

41.88741	23.2761
51.01363
11.9089
44.74669	25.62645
43.84294	20.50847
1.56352
24.69587	11.44733	35.08486
37.9025	30.76862
30.59556	41.00645	5.453913
30.671

0.475309
22.15131	43.43153	4.50396	19.84061

31.48742
25.6966	49.66377
34.34178	49.91946
45.34929
8.231513	34.51376	39.8366	15.72073
33.78988	41.32883
52.65702	35.41218	30.86267
22.39684
12.35995	52.36008	5.168342	2.972099
43.86692	55.7237	15.80577	40.32056
43.74706
32.65326
22.57635	8.413831
52.30627
2.126692	2.003652	50.35589
36.47018	2.106448	56.04932	34.89556
10.71257
29.14086	56.02795	53.69119
8.50396	51.51939
44.453
8.211911

55.0639
32.30219	38.13921	36.13039	5.368396
28.29504	11.38994
25.31201
32.85045	49.08074

37.31605	38.61247	21.76066

42.7738	27.39775	22.19897
51.54332	28.26309	53.69702
50.5101
41.54431
11.5507

15.73289	53.81439
43.06093	20.23992
41.13161	32.1942
9.337241	6.929847
40.5856
50.56012
42.25327	6.439625
14.31517
38.00369	36.83436

25.56419	46.87456	13.91991
31.61347	50.03799	23.16271


27.54543	16.73446	5.611315	9.400159

51.47526	13.93508
26.77891
0.224696	53.46685
49.29619	51.5939	9.099288	26.60494
43.61849
19.7163
41.49173

44.44894	5.929405


43.78744	13.86846
41.21864
45.23497	35.85612	27.15783
43.17999	40.05069
44.08733	32.87828
55.31022	45.09746	28.48947	27.88362
21.7709	6.895867
26.67006	21.93099
42.61447
38.34367	45.03774
49.37998	44.60686
48.80752
16.62751	42.14568
51.58649	38.63741
41.8574
30.66765	6.466209	48.64254
40.59498	14.39742	5.643763	55.50326
49.53836
5.28444	16.08015	15.20506
29.29465
43.76426	39.46436
17.41452	3.96922	25.93048	47.90137
55.42708	52.7366
43.00544	16.18162
49.33689	2.876655
32.74272
45.35622
38.41132	31.32547
23.95011	50.46783	23.49819
41.08661	33.30645	38.78237	33.19034
15.20004	8.096978
7.268656	21.11838	16.31916
45.19127	45.05646	8.169559
32.76021
46.62025	44.38586
43.54517	47.98976
4.210088	55.98715	46.49108
44.87269	36.59471	27.35443
40.81912	28.54784	9.198752
2.121287	3.450286
56.12957

1.009517
1.681272	18.66836	5.35586
42.59715	34.12346	19.74453	38.86188	32.56473
39.14675
39.26012	33.99054	16.02374	53.34654	21.45078	28.80998
40.35079	31.27499	17.89077	6.50656	53.83936
22.08208
44.46437	17.86226
17.21524
48.10292	31.14148	22.65153	20.06344	21.21149	18.18261
44.18162	35.32907

37.45946	32.4696
45.90993	34.46605	42.62998	19.78752

44.42709	28.57016
40.21316	34.35668	16.69803
41.09793	21.99961
44.2475	30.12365
43.78716
40.4824	45.52591	52.3488
40.15265	3.738697	55.97534
49.79977	8.848484
45.46375
41.4866
19.87991	14.4395

27.34168	28.94802	6.843354	47.57387
47.85569	12.23128	48.7347
22.55471	4.613633
53.43709
44.61539	10.673	49.95176
13.1179	36.05177	40.44308
42.80535	46.14409
40.56344	2.252718	25.17952
13.19251	0.4025889
49.9908
42.40142	52.25484
49.82068	48.54939

13.25009	4.789546
55.4028	17.01559	15.68251
14.39171
28.61418	26.6124
20.16561	37.05368	30.58375
27.87239	48.16624
44.17561	33.65248	13.34086	44.44371
41.6026	2.038658	31.71044
43.56059	19.97551	17.70674	10.2653
41.07093	31.68967	13.36988	25.29259	26.77012	25.74788

33.07507	20.42078
42.81305

9.664132	14.27914

32.97627	3.24032
55.09703
51.53343	5.265939	24.84246
23.85565
36.75175	39.9251
35.36867
43.14292	7.515549	31.2679	21.47901

30.00153	17.09714	8.751431
21.6033
43.43846	30.80196	16.11485
43.40085	25.96297	7.767408	30.37485	55.83993
46.71991

9.661809	26.38172
37.28746	28.11775

47.10441
12.10788	41.80022	8.308492

52.30507	34.56935
28.93882	50.53724

30.67464	27.99227
43.12944
14.65301	45.00494	1.26971	10.76626
47.40805	42.63476	45.14048
40.27879
18.82441	46.39738
36.58614	29.19607
39.52172	34.96128	27.39938
42.83403	27.39638	22.12506
13.90505
40.82404	30.50004	6.656306
4.499432
35.07061	56.02164
8.978598	48.31904


0.7119264
2.496574	8.902533	45.12882	31.97864
1.274154	50.5283	43.85407
23.4139
3.85243
43.56971	25.43213	33.33212	55.94155	20.52579
1.15647	43.34534
47.66053	18.79201	15.84855
6.839922
25.03441
27.99003	47.51149
22.9095	10.54844
43.51902	29.73669	38.51752
38.90002	21.95198

28.24525
41.08535	36.14683
9.481488	33.3267	45.26789	28.11807	8.621756	43.42265
27.30945
2.395044	29.94527	0.08240541	47.54569

38.48059	31.6366
39.0835	34.66697	20.63356	30.3394
30.7621
52.19646
24.8528	6.418891	16.25836
33.10634	16.47063	45.72999	54.79443


1.954035
42.84727
43.37553	9.268856

21.22495	10.45837	6.73578	34.0375
40.64262	46.61435

32.45033
21.02966	9.630672

14.64719	49.83746
39.37842	27.47292
1.841043
43.6268	33.79081	9.053696	22.08564
44.7723	44.59193
27.18558	16.15625	16.63929
37.37825	19.10875	5.002485
26.3899	0.07323984
54.4854	30.97235	8.935921
25.62287	41.89015	1.088469
5.791055
49.112	39.66918	0.2588171
43.52656	33.78624
31.99819	40.85303

22.16327

55.97264
42.67017
42.9057	29.38461	22.38726

38.86013
28.84994	50.93664
49.09214

40.63083	16.87101

47.85271	5.792667
42.93595	26.80694	32.56103	9.122056
39.60659	33.59536
8.957759	3.032822	50.86999	8.23354


53.55146
26.66549	1.601408
44.96615	15.05223

42.95407	28.8032
18.99324	18.70723
39.8539	38.32268	38.10672
44.67704	37.39798	25.74689	14.89402	32.41335
33.65188	39.44037	22.63696
42.95918	10.79186	52.98029
15.49285	30.13625	45.4444	14.17874
46.54981	22.99407	38.26695	23.20979
6.383626	50.83236	48.9979	2.206052
24.5954
44.74703	0.8162623	35.5671
42.04339
29.59641
31.08348	26.59124

44.50696
42.48358	12.21517	0.1861713	13.8398
46.39723	21.92651	34.84597	9.190015	26.85028
50.68902
40.94632
44.41938	24.03666	9.252647
26.65532	40.25256	24.98376
22.69715	43.53238

39.13187	28.13401	21.80049	13.21672
4.030352	44.49554	18.70639	36.60662	43.90375	32.78653	43.5953
42.13585	34.07955	26.89838
38.67428	7.83368

44.91728
44.20232
28.49972

33.64524	4.760908	7.88535
19.04933	6.862275
10.93751
12.84208	31.74836	43.63247
30.47494	0.9500396	55.17081	42.42724	17.30886
21.50579	44.51869	28.69565

44.08216	30.58911

31.79938	10.45813
15.39274	4.765903
29.81171
7.324101
23.00525
40.9605	33.16082	18.38054	16.42064	23.28945
38.60655	16.28407
11.09579
27.22605
24.66469	25.05691	3.221791

47.88484	31.7003
41.5496
48.7649	14.28121	48.5348
40.27455	29.84899	6.726571
38.84038	30.07355
42.29748	11.80141	10.69581
50.67755
45.40201	7.000785	40.12638
42.59101	20.4244	39.34777
41.23031
43.18718	21.21634
18.92789
14.69987	3.106723
49.90144

42.36638



27.4837	35.98533
14.79392

44.80621
23.30649
21.52982
18.7451
34.89188
13.45827	35.96811
24.8465	29.1257	25.00783	15.65906	20.11188	11.8923
40.71084	33.90714

9.778292
39.93721	1.457707	38.00464
48.17726	13.84759	7.867621
2.321038
47.79409	25.01059
49.04326
1.711138	11.76671
46.84946	42.5429	39.88449
25.3665
50.81466
45.73277
40.53612	12.06716	8.66477
23.02463	7.50987	30.22358	35.94405
46.25371
29.43869
11.68539

38.49561	6.617401
15.13696	6.075949
40.9902	27.24155	7.711955
39.80205	39.16936	36.56164	5.336942	48.32852	36.34353	5.080816	55.3061
46.52165
22.04106
6.056325
45.4262	15.85956	43.64776	12.78245
13.91656
38.40349	27.27782	0.1370142
39.68748	29.31057	43.41583
40.65728	9.24408	40.36868	4.262135
33.62439	25.45717	39.94752
4.735066	41.66804	27.61897	25.84249

33.79431

2.70395


31.73628	15.28026
17.40222	19.5215
45.97872	16.64087	45.78978	4.269835	26.85155
22.02662	12.94566

19.05309	13.67666
39.93479	38.87899

41.27136	38.41985	11.91789


22.72722


6.063014
44.29707	16.6215
44.57299	36.2724
49.73213	11.74235
38.19421	24.3896
25.51781
0.3606808
26.71438
1.891067	43.39207
49.31486	51.58968
24.16818	21.36316
28.13245	8.751709	5.28011
45.87283	39.66967	42.22693	23.79883
47.7125	36.77492
24.9001
5.148295
45.35214	20.93515	56.1772	27.93557
4.717595


32.20259	24.252
45.50302
43.29259	40.87891
42.34383
11.2675
26.3733	51.16429
47.14262
26.16729	47.19349	29.34427
42.30651	32.77593
40.1263	11.81605	8.546903


15.18998
35.86613	38.56322
48.55358
41.27837	37.28973
25.63826
39.55785	38.46384
46.89145

38.21215	20.42668	17.26382
37.16628
16.37168
21.88628
42.35824	54.4538
39.42095	31.89329	5.949241
37.95181	43.08881

41.6388	49.14368
15.93137	3.367528
41.03941	0.995602

30.92963	41.4416
41.14771	37.91388

36.84658
11.97337
40.35248	8.295152
44.35712	29.49436	19.16869	30.82953
19.06938	50.34761	9.956864	41.76571	42.13962


17.71481
50.14375	45.46131
14.12771	52.46681	6.720133
35.7108
45.62405	20.92793	18.8513
44.86366	49.32909	25.35171	19.1642	35.72713
39.23748	27.50433
43.84766	6.927869
43.98052	1.384643	15.46937
49.27953	53.70431	48.01759
31.54095	37.62385	4.347454	29.59744
45.5378	6.311983	43.50303
44.15843	49.08561	47.37995
45.27451	15.38875
44.45431	10.07886	2.233835
42.20473	17.63397
41.03817
18.62615	56.03469
5.998778	49.44348
43.37344	0.1757908
1.432707


2.559249	23.91345
33.51907	54.49841
2.942316
33.20721
9.763191	16.58277

42.74338	21.89376
25.2863
21.8483	54.88563	20.4633	35.27372	34.99698
2.434029	55.37526	11.90792
18.89904
27.03186	47.14292	44.00526
26.94535	54.27179
29.4153	15.73033
49.44391
10.33646
41.93208	28.24129	26.40091
14.4634
17.7439	8.839899

39.59289	33.876
45.07081	25.25445	53.76616
17.65368	13.4511	56.06858	5.805146
7.266374	47.05299
11.69457
28.84973	18.67932	19.1873
50.10368	13.28729	5.536819	54.43576
26.5756	10.61758	22.34124

46.45352
8.93833
37.79433


41.51854	22.97557	17.77846	2.816113
39.42504	52.9504
47.51199
41.79879
41.03947	30.17387
46.93428	1.674958	55.83348
18.66335
41.94749
9.723424	1.256111
37.87228	46.58621	26.58238
38.89642

47.92353
44.23498
28.32053	4.017714


45.91254	1.662638	13.32578	56.10388	47.43223
12.89334	11.37784
13.78715	43.24442
17.16889	53.85043	5.748343	41.50725
51.51623	41.38924	29.35671	16.6736
20.00202
45.22055
2.350643	1.905714
29.37313
26.27114	24.40721
7.258897

17.67326
43.72655	33.57935	22.35083
55.53584	51.14341	44.85489
46.20034	28.45581	35.28413
15.33569
44.77146	6.650279
44.43195	40.06317	54.6988
24.89796
49.12093	9.515967
50.38616	24.27076
44.64195	44.24283	22.02929
23.93577	44.18634	52.56096
29.44617	1.145795
50.33641	47.80238
42.41529	5.160695
20.94029
29.72201

38.32352
48.56837	7.606014	1.133476
51.52375	31.62381
33.50366	27.95783	34.54082	30.78442
32.49967
20.494
9.99331
41.28401	7.324479	3.183315
25.44228	46.21089	32.94484


15.63924	46.14977
39.41518
14.40052	36.93464
3.700925	48.32992
7.827774	3.077384

38.39981

39.95504

11.41722	44.62396	7.089137
8.267149
30.65414
49.3422	30.78725	53.56115

38.92504	3.814439	14.31192
43.43453
50.26344	46.76378

15.33327	40.49427	45.06162	18.87889
23.66787	54.40792
43.04743	2.90258
43.09567	36.37977	56.05471
42.22948	33.98796	20.12758	23.54362	14.64875	9.257001
47.39562	30.51488	5.604874	8.705725
40.40893	32.59861	9.797644
2.829651
55.48126	44.76207
47.05075	6.966746
46.75727	48.0036
26.38945	0.04860913
43.59544	5.113356	43.04692
38.69982	50.26695	2.683144	42.96727
42.51039	52.01504	44.96041
49.14133	2.206475

42.35461
8.480344
38.53337
47.60103	39.83064
40.68176	31.8675	21.55269

13.18525
49.1591	29.91101	24.28438	43.77803

22.92789	47.85024
32.71439	52.9984
53.54919	35.56373
21.25172	9.068334
22.53627	40.13637
42.19511
42.54996	12.72464	46.34073	40.63563	25.29083

26.19925	24.57177
23.58972
26.82358
32.85142
19.50801	42.54911	31.44961	13.16511
44.72969	19.73203
9.933956	43.64705	30.16742
40.21808	0.7643349	36.76459
43.08667	11.10746	38.13904

12.43559	18.75506
13.49155
44.50357
31.69625	27.02587

24.52828	18.21265	1.136391	51.48462	1.029035
45.3741	23.23228	4.523806
45.4805	2.143503

25.1563	21.81775	41.65337	48.96424

32.07236
21.2731	16.59154
37.67893	17.40129	25.43801	10.66214
22.78502
9.262499	31.38811	20.79517



45.03479	42.54947	53.65521
44.23819	28.38743	10.74386
8.553326	39.81053	36.99974	34.1171	7.474575
21.13469	19.05356
25.65609
37.68434
45.28684	19.96314
44.60927	41.32422


54.39147	52.2133
9.573569
29.13919	0.7990276
42.14038	34.82003	7.769472	31.46702
24.77882	3.688933	46.94175	16.14231
35.88966	33.31717
44.74356	30.04776	24.54224	31.65297
45.68187	50.17801	37.78354	3.430258	33.38258
24.90236	21.2307	6.065039
49.16081	26.91777
47.72192	43.14121	27.02647	27.93309	0.6927516
36.38175	16.49863	15.38933	35.12567	19.59836	36.78912
18.60913	40.56562
18.17141
31.68289	44.33475	13.51925
43.25641	36.40345	55.93829	42.74806
45.17862	24.81503	15.02169
20.8404
33.02882	29.10028

40.31856	32.93648
30.62552	48.31822
40.67974	20.2492
33.5121	41.62472	14.5708	29.32126	4.108911	20.64343
5.907849
7.756857	53.71219
35.91145
48.13653
45.61391

42.76991	20.70229
45.66826	28.26329
18.58948
15.28099
16.03595	0.1314331


40.11459	13.83798

7.73533
28.90186
37.99363	34.69279	37.96764	40.37205
17.78904	33.8338

33.4699	41.97405	26.78818
21.28486	18.54738
33.56771	37.13332	13.27913
46.29354	23.08317
46.01563
4.807335	48.31949	7.125161
30.63083	32.27416	9.131533
42.25251	32.759
27.89546
12.12865	31.31685
22.3478	49.00314
33.74447	43.87014	56.07681
36.38476	47.97891	5.954494	19.39578	52.97094

45.63359	32.42465	24.07647	13.82095	7.044192
30.9622	47.9977
46.45424	20.7854
40.92263	25.15702
41.43091	33.09788
31.70233	41.36982	22.85592
44.45456
16.75557	48.37816
48.3189
34.94346	13.47213	47.02232
40.67806	2.723698	2.49439
20.48416	55.27826
36.47462
30.50757	29.97434
22.0689	49.21919
40.04789	3.334301
45.2715	18.31417	56.05099
4.382993	30.26874	44.98495	53.57986	3.313521
51.61836	27.64512
11.71782	47.60875

45.52844	6.444872	40.02773
31.87374	28.48463
2.934729	30.15309	42.92793	29.45757	37.8914
31.87619
43.4469	7.636509
29.18387
26.20927	44.26248	11.21048
54.40453	23.60985
27.80518	44.76804	26.43858	25.15159
23.49732
39.13057	21.47827
12.40208
47.24934	36.76893	37.93504
20.04631	12.9537

37.97886

30.29984
44.53384	14.05278	6.653908	37.09779	40.95762
46.59043	28.16021	42.22266	3.014817


27.7596	21.24065
20.08453	11.17726	17.41839
16.27003
34.9514
46.87671	8.339736	23.79244

36.15818	30.70888
15.91798	55.56893	31.29233	14.66203
27.65603
45.97078	49.73895

46.35948
46.01718
47.48055	36.79757
49.18817	10.57865	56.14782
15.0808	38.49936	7.354568
7.554189	45.67931
49.64994
40.0107	35.20838	18.29324	36.75887
44.1258
10.63336
49.67855	10.16202	24.19723	36.49159	50.88249
39.40218

14.4634	13.54948	55.12194
48.70334	42.12544
43.02763	22.29169	38.04899
22.21045	43.19865	43.00063
23.66305	47.44565	20.24424	46.48052
22.15334	43.45266
46.98853	1.782446	32.0554


46.50601	17.23782
16.99154
41.36357
13.86539
23.09273
41.96662	28.59703	31.04052

3.635263

8.661718	8.214443
31.23322	38.72369	19.39675
47.05238	16.1424	5.698232

54.3544
44.60661
6.956816
12.13549	9.174069
33.31849	20.92443
39.46847

45.70879
45.55261	13.45594
45.22015	42.41016	38.92164	18.86111
41.684	32.91008	23.22785	55.38585	39.28483	14.55333

4.74968	20.3834
39.51263	30.04476

39.86632	18.66542	34.26419	9.538468	13.09364	25.50621	31.51104
23.6252	10.44632
41.62327	31.50657	31.11873

25.57535	23.93925	11.80573	23.33074
43.50353

5.662544	12.29003	8.843723
35.4652	30.63915
17.34704	6.890051
42.11306	20.40575

19.58736	0.3515844
18.14302	7.023007
9.764549
42.33785	5.606307
43.48599	53.20737	29.8994	30.40849
35.20763	40.56953	15.48508	30.54614
11.77777	17.3495	4.235318
15.26317	0.8733626
35.96722
6.085289	40.86664

11.56821	26.23761
44.01346	30.39386
32.73322	53.26715	26.44748
44.62606	32.4978
23.66003	8.424527	5.883223
40.72695
45.08429	14.58962
55.11115


8.769596	7.812905

20.39815	39.8023	20.58303
47.59297	13.15728	25.19323	28.55427
54.33314
22.55148	52.31215
0.159278

43.91464	40.64435	49.63851

32.01965	10.46907
49.14444
52.59961
45.07751	23.9313	32.463
14.8655	12.07489	4.131658
51.16845
48.25723	33.68159	41.52511	6.126955
45.59604
22.02178	36.94748
54.42391
43.08814
13.79361
21.93839	20.05307
26.57954	38.21548	23.03767	18.05852
48.64864
39.44937	55.94716
44.22104	18.3371
42.15593	1.421983
49.51357	55.90212
40.13039	6.751858
25.22525
19.08919	34.39162	45.0685	48.94798
45.84833	8.29867	50.33469
43.30465
21.35544	43.62937	35.9937
45.89074	23.87241	3.231908
36.36991	25.43804
15.49323
23.57554	54.40665	1.05524
17.06388	46.23263

50.68906
37.53563	46.21384	27.86142	20.96502
41.14462	46.87814
14.8678
52.28452	3.04314
8.260576	32.00169	42.12558
42.38784
8.763434	55.36832
28.01713	19.60485	7.180927
40.94227	16.07205
33.77152	38.74128
5.04559	3.931886
12.70047	0.4698906
54.29666	46.83814
19.23815

35.88745	45.41509
8.918032
14.61957	14.51688
47.95609
3.484352
27.38428

40.59975
44.58113	56.07107	23.72489
33.7424	14.71117
35.16484	11.87455
11.73232	2.284642
18.53352	6.73203	9.011272
19.95612	9.844418	49.37735
9.805239
27.11502	45.74555	43.74654	5.636626
19.41652	15.77827
40.65692	2.03542	28.89581	9.666564	25.48028	40.52889
48.93677
48.08246
40.29307	35.54063	11.74783
47.20943
32.30109	5.489285
19.86513


47.26601	33.0017
26.65479	3.559544

2.608218
21.77033

17.87817
