ExtinctionRates
0.1275508	0.02398778	0.0993663
0.2783462	0.1023177	0.1101317	0.01451492	0.08961203	0.05840611
0.07274078	0.09780466
0.0448177
0.09768918	0.06797025	0.1039407
0.1199262	0.1069841
0.1550475	0.04318514	0.01035961
0.1111656	0.1049139
0.1446606	0.05490909	0.1677415	0.03438996	0.2384905
0.2067051	0.02236263	0.115408
0.1272527	0.03311247
0.1569567
0.1764169	0.03170465	0.1853231	0.07957195	0.01481988
0.1755747	0.05899569	0.1825633	0.05088381	0.1493334
0.1962942	0.04606341	0.1114218
0.08792312	0.05036084
0.122876	0.003823819	0.007061635
0.02695833	0.04365208	0.2118659
0.08453612	0.01516603	0.09326764	0.087261
0.1207541	0.09450649	0.04707776
0.012585	0.07287326
0.06791169
0.07489111	0.05120081	0.050827	0.1149699
0.04077113	0.06533185	0.2276187	0.1142798
0.07649962
0.2515817	0.07655797	0.1082191
0.1112718	0.04637452	0.08976574
0.1059261	0.0440958
0.1352515	0.0585652	0.1559992	0.05660833
0.01630481	0.07006811	0.02493833
0.1357662	0.07135996	0.1737787	0.07798835	0.07253198
0.1441497	0.05335614	0.0904378	0.145828
0.02242272	0.08265121	0.1047573	0.118339	0.01118981	0.1576002
0.2000808	0.02683112	0.114208	0.115304
0.192034	0.09435159	0.19699	0.1229044	0.1672209
0.1274964
0.1063622
0.1952852	0.05376743
0.1477813	0.04515855	0.2380397	0.01453346
0.1156989
0.1436059	0.05156391
0.1597215	0.09853456
0.05008275
0.0643642	0.214762
0.1733161	0.06553664	0.1234013	0.1247667	0.1576043
0.1007099	0.001107248	0.06929439	0.2347978
0.1737345	0.009075865
0.03128778	0.05865901	0.1597483	0.02842837	0.1197831
0.1105605	0.04083599
0.1333614	0.03255617
0.1539911
0.2540774	0.1779956
0.2529782	0.1151446	0.1620998	0.2416874
0.2737552	0.08890344
0.1370641	0.06081674	0.122719
0.1239068	0.06324584	0.1442451
0.2375508	0.09180553
0.1349222	0.09124559	0.187191	0.02429405
0.3092552	0.08684627	0.1018482	0.09544837	0.1061013
0.05261149	0.0753244	0.1001108	0.2519175	0.05325599
0.206663	0.001387643	0.06005047
0.1225131	0.0687547
0.1188846
0.05483288	0.03358517	0.07481139	0.01751771	0.1204433
0.03099226
0.1343592	0.002651783	0.07486658	0.06927468
0.1093653	0.05848624
0.06077641	0.103151	0.0217349	0.05828347
0.1006683	0.09269736
0.1051986
0.1910917	0.1067205	0.2166015
0.0971119	0.111081	0.2135688
0.09835692	0.1391353	0.203113	0.1363849	0.09844574
0.144041	0.1940969	0.1257304	0.1630841	0.04795741	0.2756505
0.08239663	0.1495759	0.3316885
0.07980917	0.1357413	0.3499041
0.1996175	0.1310492
0.1216223	0.05022754	0.2570942
0.06740856	0.02679951
0.1060542	0.1127502	0.05502523	0.2623979
0.08818185	0.05049574
0.1900873	0.06202004	0.2437036	0.1096432
0.1225746	0.01422273
0.03417119	0.05448624	0.05327822
0.09391534
0.2665858	0.08412673	0.08753416	0.1782113	0.2492649
0.06520263
0.05028594
0.01189134	0.08149513	0.01658219	0.05226509
0.1357772	0.172335	0.154969
0.2379724	0.1173122
0.05663785
0.2458345	0.008416662	0.1595132	0.09113135
0.1696902	0.09547598
0.1491035
0.05458214	0.02853465	0.1395096
0.0870934	0.1128439	0.008950929
0.1212802	0.110653	0.07446668	0.02395006
0.1754893	0.1665187	0.1326751	0.2159574
0.230538	0.04305968	0.02019994	0.1874571	0.05091737
0.1464639	0.03896429	0.08173365	0.2438453	0.2652939
0.0358725	0.09043973
0.07143203	0.1331255
0.02067043
0.1120383	0.00269264	0.08840469
0.1014291	0.0002614127	0.1549178
0.1681435	0.06616994	0.1657141	0.01430872
0.1599762	0.02693309
0.05546722	0.01874439
0.2446456	0.05361026	0.2363981
0.1175724	0.04732133
0.1428285	0.1593031	0.1411548	0.1875858
0.1553509
0.1811549	0.1943885
0.04839467	0.06497453	0.0574054
0.04180427	0.1050566
0.05860204	0.03517689	0.2260624
0.08138871	0.05013192	0.0722464
0.06511786	0.04267653
0.2308894	0.08883505
0.05860267
0.1148399	0.03691624
0.05307387	0.1793786
0.2335751	0.1224286
0.1537422
0.1692441	0.1013493	0.1303391
0.07677941
0.08565306	0.1059861	0.08391146	0.2326604
0.1520309	0.1287121
0.1298476	0.04410519	0.06560156
0.184056	0.1530785
0.1063424	0.01284197
0.1924835	0.08003569
0.04688209	0.03336488
0.2601582	0.01817183	0.01988683	0.2679333	0.1160593
0.1841116	0.1213803
0.06796516	0.1698981	0.0669193
0.3401586	0.07831848
0.2045764	0.1123955
0.1006126	0.07031642
0.1530096	0.07583541	0.1558794
0.0211984	0.08494238
0.1622555	0.06914367	0.07206296
0.1679185	0.1170594	0.05346072	0.02936495
0.05234542	0.1451242	0.2168091	0.05147613
0.06194028	0.09543243
0.01675772	0.07182371	0.1418694	0.199422
0.2681704	0.05870388	0.07635845	0.2026653
0.1519299	0.07928381
0.1180009
0.1150182	0.1148138	0.236111
0.189997	0.1023831
0.1764936
0.275461	0.1758064
0.2327324
0.2620417	0.1847925
0.1975422	0.2251298
0.1017804	0.1656438	0.2505785
0.0980977	0.03400305	0.1799555
0.2539877	0.09718357	0.1491079	0.03876409
0.07621451	0.08217696	0.2398253	0.06050727	0.280153
0.09672768
0.102055
0.1626072	0.1541313	0.08693699	0.04455266	0.1100749	0.1304204
0.1232627	0.04379071
0.1010525
0.07914738	0.08706128	0.02909426
0.11016	0.06809904
0.1315138	0.1206832	0.1966158	0.1048281
0.1206911
0.05276882
0.199604	0.07522711
0.07004048
0.1619818	0.01721945	0.1611897
0.1367016	0.1082629
0.01588181	0.04063376	0.1053411	0.1573397	0.01059404
0.05582	0.05652754
0.1075875	0.07298512	0.02484944	0.04662701	0.06310013
0.08023585
0.0886972	0.00147829
0.1909461	0.113378
0.1512817	0.00279219
0.1290961	0.04861351
0.1050518
0.2335784	0.1087539
0.128384	0.113183	0.04768954	0.0529539
0.07274204
0.07297714	0.03577013	0.2145248	0.26781	0.1362276	0.1925319
0.1107496
0.1698796	0.05787937	0.1729591	0.1521653
0.04768459	0.1167065	0.01666452	0.2717117
0.09802436
0.02099245	0.17775
0.1265137
0.115686	0.07597311
0.08957872	0.007038321
0.06218017	0.01562712	0.1011042	0.02108965
0.1419742	0.1467508
0.1859594	0.0497741	0.05932721
0.1318213	0.09983248	0.1601515
0.03818957	0.03661627	0.1743332	0.1163449
0.0625855	0.07730289
0.1313178	0.1330042	0.1188264	0.1716176	0.1409217
0.107629
0.1726812	0.08367589
0.1487092	0.1629879	0.08631855
0.07188411	0.1359041	0.09323876
0.009731536
0.08145455	0.005842607
0.1615796	0.06457897
0.1840502	0.1090388	0.1355614
0.2856101	0.1574446	0.01821117	0.2613908	0.1357412
0.1609305	0.07298673	0.3082236
0.1821123	0.0278591	0.08675649
0.144287
0.108886
0.04482787	0.1153108	0.2091561
0.06655153
0.1500915	0.008275712	0.1727954
0.2075561	0.0780437
0.1518096	0.141974	0.06564718	0.03465973
0.3071679	0.1200463	0.09648708
0.1467119	0.01455068	0.04269791	0.09834237	0.1251073
0.1665119	0.07618153	0.180311	0.05094902	0.241543
0.1351516
0.2086357	0.1351879
0.1513942	0.1904836	0.1038337	0.06432861
0.1797243
0.1309892
0.1319169	0.03531493
0.214011	0.09069551	0.1609278	0.1147512
0.164493	0.02580681
0.1317189	0.1018763
0.04830799	0.1614638	0.09879312
0.02858023	0.07503968	0.1150164	0.1637799	0.1216921
0.1197593	0.04313752
0.1022038	0.05483869	0.3047449
0.08079228
0.110377	0.04694021
0.04891962	0.05203011	0.1092999
0.1726789
0.1331928	0.1981264	0.1699395	0.0445704
0.1649196	0.2173444	0.1661636	0.2163996	0.0924065
0.2219851	0.1992557	0.1082808
0.08323711	0.2734045	0.1395797	0.1073935
0.1434291	0.09199837
0.01348828	0.002711302	0.1290712	0.08730433
0.1395582	0.04023933	0.2279182
0.04422143	0.01755002
0.1669315	0.04776557
0.02861842
0.1299779	0.3702211	0.1289894	0.09390197
0.202588	0.1647195	0.1595478	0.02838646
0.09217404
0.1863239	0.03513784	0.1704798
0.1425054	0.1039951	0.1930185
0.0661384
0.2384033	0.04954838
0.195206	0.0489854
0.2352181	0.06696954	0.2171423
0.1112504	0.01550094	0.1576176	0.07680815	0.1918656
0.1425691
0.0884365	0.1054279	0.03507131
0.3191706	0.08728009	0.1220269
0.02329167	0.07902528
0.1585274	0.08018751	0.1654708
0.1605963	0.054051	0.05710754
0.1308568	0.08966945	0.09100667	0.1154953	0.07544032	0.2638048
0.04847939
0.1177246
0.2005944	0.111156
0.07335342	0.2796139	0.182775	0.1525422	0.147297	0.1507298
0.1392378	0.1297866	0.1714616
0.3213957	0.08097986
0.163763	0.07339788
0.1033011	0.02199119	0.1538222
0.149979	0.06344626	0.02082355	0.1281893
0.14302	0.008506308	0.08120865	0.2099272
0.202637	0.03954316
0.05811368	0.1362491	0.1093896	0.0703112
0.2159852	0.02446198	0.1447444
0.09774361	0.08782459	0.30409	0.2990554
0.0992623	0.1095461
0.1859559	0.06348894	0.1237882
0.07836268
0.3282614	0.04729881	0.1286638
0.02644374	0.1434951	0.08412507	0.09523243
0.01678315	0.07946204	0.2029413
0.05631921	0.1699151
0.03128458	0.2493315	0.2167884	0.1209996
0.08643826
0.09670503	0.1010225	0.02930564	0.08360194
0.09594036	0.08344753
0.09677596	0.07678801	0.01617743	0.1883688
0.05765602	0.07853336	0.05963364	0.1772348	0.07275749	0.09744925
0.04372844	0.1045246
0.1222094
0.1524594	0.1013213	0.1028843	0.1874769	0.09484675	0.06878934
0.1707236	0.04155887	0.2068619	0.1564333
0.09947941	0.1221946
0.2080097	0.1032996
0.09355521	0.1701395
0.184216
0.1894384	0.218651	0.1118033
0.1010426	0.05058043
0.269534	0.04917679
0.204082	0.07891487
0.1445229
0.1198183	0.07699759	0.003721561
0.05531574	0.03594111	0.1287402
0.1599012	0.008854508	0.164376	0.05882957
0.2693471	0.1414787
0.1263898	0.2606569	0.01667696	0.09930559	0.2509166
0.03801623	0.1998784	0.006208603
0.01322795	0.1378028	0.01071771	0.03407248
0.227254	0.08684682	0.04590084
0.1481241	0.09111748
0.1829011	0.07669089	0.1827437
0.0142488	0.04571032	0.2251587	0.03386227
0.05264205
0.08552824	0.1018779	0.1060774
0.153941
0.1071302	0.05914389	0.006545666	0.1142738
0.00522945
0.0713664
0.2958234	0.04155099	0.1527942
0.1038492	0.07808338
0.1344599	0.05559801	0.1320886
0.0362203	0.02045721	0.1288471
0.1232703	0.0802454	0.2192443	0.04583971
0.1084442	0.07930387
0.1970666	0.02892901	0.1270563	0.1319276	0.1932427	0.05009224	0.001125851
0.1472005	0.1099486
0.1880981	0.1143893	0.04651204	0.1163257
0.1192233
0.183727	0.01327145	0.2114416
0.03731068	0.2145909	0.01606605
0.1005463	0.1509873	0.09452112	0.157022
0.1453108	0.02349066	0.313429
0.1393339	0.1127461	0.2050721
0.04762726	0.1247227
0.08622434
0.2113752	0.1319706	0.08154392
0.1191304	0.1088145
0.0833857	0.1195811	0.06097504	0.112269	0.23436	0.3965107
0.02771119
0.05558198	0.2723561	0.1044367	0.1647237	0.02183751	0.1044611
0.02675044	0.1542126	0.1182683
0.1437754	0.04354923	0.1243177
0.1187969	0.05192416	0.08647352
0.002048947	0.2766977	0.02792979
0.116696	0.08246334	0.06060168
0.1207665	0.02121424
0.08477095	0.07577571	0.007300512	0.1612489
0.3603889	0.0843148	0.1534147
0.07859972	0.1305522	0.1062258
0.1103891	0.0628956	0.163914	0.2474904	0.1030534
0.07750224	0.252976	0.1073222
0.122424	0.1422536	0.03764738
0.1764519	0.1074129	0.3434242	0.0004410138	0.1495454
0.1291785	0.01641126
0.1358866	0.02428096
0.0697053
0.3053003	0.007139897	0.174611	0.3005968
0.09469056
0.2992152	0.1112616	0.2258814
0.09971283
0.2913979	0.1297872	0.06569844
0.1949163	0.1102392
0.1853636	0.2206865	0.2018538
0.151034	0.2132793	0.1061402	0.01110283
0.09420756
0.01966	0.08455787	0.04057122	0.06961041
0.05400423	0.0594851	0.2488834	0.2702711	0.02287111
0.1014562
0.1843928	0.03703838	0.1846682
0.2208812	0.01119016	0.1167848
0.2188326	0.09034348	0.09867196
0.05396879	0.005828024	0.06777927	0.02617264	0.1898645	0.09005256	0.1188012
0.1716004	0.005937934
0.1599764	0.008464077	0.1254308	0.05169198
0.07104751	0.1539611	0.05598266	0.122673
0.197386	0.05829761
0.05125849	0.06775336	0.1415575	0.08884249
0.07269584
0.1456565	0.02991635	0.08418574	0.2365468
0.05681328	0.113951	0.1144245
0.1351106	0.0696863	0.3263796	0.06823226
0.1538342	0.06289088
0.3054887	0.246809	0.1195664
0.05778783	0.05470487	0.1721319
0.1353294	0.05008095	0.2009187	0.03622152
0.04147435	0.0461572	0.1713069	0.07492102
0.07100009	0.1193654
0.09513414	0.03114759	0.0899647
0.1304663	0.08077608
0.04981213	0.01560841
0.1856988	0.04568501	0.05245174	0.2110822	0.1691315
0.04149593	0.007655345	0.2658975	0.0842479
0.1063445	0.1175143	0.2321988	0.1039025
0.1556425	0.1717903
0.1477314
0.08136145
0.0009853691	0.09622976
0.02184641	0.09839735	0.1126247
0.04606857	0.01807663	0.08076457
0.008762114	0.05361736
0.01161509
0.1999001	0.01951209	0.1912909	0.06773484
0.06160717	0.001749315	0.1545299
0.1428094	0.1157723
0.1218643	0.03321626	0.3847895
0.1645906	0.04928486	0.04397996
0.243122	0.02360661	0.1828022
0.2092278	0.008087252
0.1874012	0.01279782
0.09475462	0.004798995
0.03149523
0.02509839	0.08026478	0.02870375	0.1284145	0.1146003
0.154782	0.01644998
0.02245611	0.1007168	0.1227463
0.1617422	0.1289383
0.0968815	0.06135851	0.147857
0.3374037	0.07804986
0.1959016	0.05204266
0.04961206	0.02873426	0.2071815	0.03351146
0.05220958
0.08940301	0.0486273
0.1071496	0.08213932	0.1525853	0.1142	0.1727301
0.08342055
0.2701634	0.07661195	0.01385967
0.027405	0.03823233
0.1209773	0.06090016	0.1279339
0.1446445	0.01637074	0.1879958	0.01096369	0.128078
0.1006991	0.09165372	0.09388919
0.1928371	0.1220582	0.04461985
0.1370796	0.1459083
0.1260572	0.09941049	0.0634488	0.1558245	0.09351992
0.1518085	0.05325838
0.1832744	0.08070415	0.06481805
0.03174032	0.1432276	0.1174278	0.1690748	0.03080698
0.1649497	0.1195223
0.1198558	0.1129478
0.08191806	0.1676777	0.2365382
0.07884584	0.04595723	0.1554563
0.1256953	0.06856044
0.1805174	0.004711984	0.02625184
0.08547033	0.007216706	0.1595398
0.1706717	0.1092613	0.1513692	0.1707851
0.06030244	0.1663617
0.03924922	0.0194654	0.1450912
0.1104041	0.06054855	0.1355679
0.08630557	0.1216481	0.2939267	0.1232675
0.1318216
0.1906344
0.06662162	0.0581264
0.1225306	0.01731416	0.2439247	0.131723	0.053084
0.0271333	0.05508276	0.2435874	0.1199346	0.2027617	0.2488553
0.3202928	0.2196279	0.1049235
0.2474992	0.02591276
0.04995564	0.004092044	0.06163808	0.2433916
0.4322174	0.08405465	0.06351225
0.1392262
0.1269892	0.1335788
0.1775196	0.1116963	0.1672478
0.1272343
0.1287235	0.1284316
0.09531127	0.06547243
0.1121468	0.3011235	0.06094441	0.09273602
0.08453954	0.0322984
0.1587588	0.1874582	0.1629823	0.06554628
0.1257434	0.03988944
0.0585286	0.0003286202	0.171738
0.3451547	0.08137575
0.08951966	0.07088465
0.1841509	0.008134846	0.04736714	0.2502214	0.1724936
0.1275492	0.134792	0.1488522	0.2303845
0.1997106	0.1391948	0.09257029	0.1197936
0.07300264	0.09834691	0.1913278	0.1756275	0.2650714
0.1768078	0.06776439
0.1674664	0.1756602
0.08426302	0.1389484	0.2040709	0.06841289
0.1102841	0.03231763	0.1164175	0.2665369
0.1224679	0.1617964
0.04708731	0.05751598	0.09278897
0.1063743	0.1207239	0.05971982
0.2665279	0.04393841	0.1149747
0.1822573	0.04067751	0.3013245	0.06263157
0.1500532	0.03194857	0.1083166
0.1629359	0.1317967	0.01611682
0.08449009
0.1062815	0.03766435
0.02212676	0.07596727
0.1514747	0.05464883
0.2017411	0.02246855	0.1377535	0.2222824
0.1447824	0.09778638
0.1410481	0.1463477
0.09951706	0.09911314
0.003256129
0.05127188	0.06062745	0.1649915
0.09638904
0.1891842	0.09620039	0.1462585
0.137849	0.04796684
0.1092114	0.09820632
0.1198474	0.05771014	0.08395004
0.2324129	0.008760127	0.06016944
0.08643843	0.04437145
0.1727065	0.09516444	0.1399547	0.1139462
0.1379376	0.06789795	0.2001422
0.2306668	0.1040319	0.06666222	0.1700358
0.1072678	0.1366108
0.09853102
0.187825	0.1096225
0.02792159	0.1612307	0.08035383	0.2461534	0.09899843
0.1016468
0.06325501	0.09774865
0.1589126	0.09813098	0.01644677
0.2195635	0.05297368	0.04360514
0.1821112	0.05720384
0.2439297	0.004445636	0.360863	0.08213576	0.06635279
0.1747342	0.192511	0.03229899
0.0333508	0.01068689	0.0451308	0.1012742
0.1680025	0.07612942
0.05172551	0.09583267	0.02310922	0.2938602	0.2066758
0.211203	0.02670557	0.1102009	0.1143968	0.2086401
0.1199294	0.09373931
0.1234347	0.1120552
0.1455912	0.1506117	0.08968374
0.1046947	0.004663752
0.1292517	0.1293916	0.04333779	0.04404469
0.3107975	0.1362078	0.1884428	0.07739387	0.1398392
0.2071978	0.05964735
0.1674426	0.1103037	0.1912054	0.08075172
0.2939769	0.1278766	0.09931207
0.1256983	0.06317503
0.1992151	0.04764144
0.1100513
0.1106379	0.1271359
0.04950815	0.2482232	0.1183326	0.1730295	0.08842725
0.296671	0.1274225	0.04537604
0.07967885	0.01736722
0.1291272	0.02583665	0.08902068
0.06929301
0.1092639	0.1958981	0.1231739	0.1411168
0.07001771
0.1461089	0.005024866	0.1969817	0.003757166
0.1268035	0.01242662	0.09561818	0.006651073
0.06491804	0.01597414
0.09639647	0.03141213
0.03592434	0.0827277
0.1003481
0.1366313	0.09424002	0.02815925
0.09667109	0.03389095	0.1260398
0.08174679	0.07596009	0.1968809
0.2277946	0.1086248	0.1073849
0.1859671	0.05355182
0.1412965	0.07387989
0.2693339	0.04486121	0.1621068
0.08757978	0.09404093
0.0434892	0.1439554	0.02877566
0.1629121
0.1072138	0.1669694	0.1329385	0.1262253
0.2486059	0.1767102	0.04046679	0.0697821
0.1808078
0.1079009
0.02538335	0.02923349	0.09590973	0.1732658	0.09736918
0.02408297
0.04374739	0.05934901	0.04625778
0.04410346	0.04502963
0.2238491	0.1005764	0.03669832
0.07950012	0.1213546	0.0286414	0.0321517	0.04961415
0.1885447	0.07562602
0.1468868	0.07168638
0.1496067	0.0172089
0.07532041
0.03805618	0.02941294	0.05706038
0.1283421
0.05084387
0.06387376	0.04871252	0.1537539
0.1850638	0.04496474
0.1622199	0.0365424	0.2118532	0.09090785
0.146492	0.07783021	0.1885788
0.08318669	0.01140717	0.1738541
0.07232391	0.04471502	0.046471	0.1190877	0.03748945
0.1005204	0.02900977	0.1396881
0.1311673	0.0766811	0.2618424
0.1687277	0.1185744
0.1099215	0.1261162	0.08495585
0.1748402	0.04277576	0.02825743
0.1408509	0.06521617
0.1798451	0.06870019	0.05171259
0.09471621	0.05033728	0.08783703
0.1873684	0.08521147
0.06088184	0.13512	0.1069071	0.1178456
0.3941726	0.0643312	0.1047891	0.2753941	0.1111409
0.09053162	0.02869518
0.07510414	0.06756598	0.08769794	0.1016149
0.147411	0.07296072
0.1408459	0.0723244	0.09732638
0.04292072	0.2289379	0.08280876	0.1153494	0.1054747
0.1282349	0.2979083	0.05941091
0.1322624	0.03678864	0.1478225
0.1276693	0.01561646	0.08184987
0.0639724	0.109781
0.1396321	0.02518772
0.04856748	0.08161675	0.2278634
0.08013013	0.09538927	0.04399911	0.1606573
0.02365437	0.004408656	0.2176629	0.2188835	0.1166001
0.257045	0.1105943	0.1593557
0.1681029	0.120286	0.01209383	0.1972961
0.2312987	0.1357336	0.04216414	0.1783478
0.125835	0.1095455
0.07884339	0.0448336	0.04550054
0.1981241	0.1494635	0.1190899
0.1427914	0.1153154	0.04208156	0.0004222109
0.1917085	0.03089391	0.1158536	0.04089926
0.1553483	0.106344	0.282836	0.1130267
0.007598356	0.1084939	0.1460745
0.1006857	0.2894723
0.1288843
0.2408859	0.1167096
0.2039803	0.07332672	0.1907501	0.04932579
0.05244526	0.04546916	0.1014056	0.1065708	0.1935683	0.1192597
0.1423353	0.07470758
0.1044515	0.03059051	0.2498024	0.1546446	0.04838153	0.05247304	0.1487399
0.06903893	0.05729329	0.1706014	0.04610285	0.1558127	0.05740518
0.0297112	0.09166847
0.1901469	0.01228294	0.1630667
0.0816693	0.081261
0.08230699	0.01360842	0.08841211	0.00019426	0.03954345	0.1002291	0.1030658
0.2008045	0.09363489	0.1964178
0.09691771
0.1238979	0.09113092	0.03732252
0.2406091	0.119367	0.1765205	0.1336799	0.03289259
0.09452736
0.2374236	0.008156904	0.1669766
0.06654499	0.06292773	0.2583231	0.08403304
0.1736392	0.1056975	0.2311466
0.004695504	0.07366326	0.1088806
0.1147799	0.03014332
0.1413536	0.03244826	0.1228889	0.0100242
0.2303081	0.1127412	0.1626065	0.06507339
0.1412561	0.001822213	0.08342221
0.1121111	0.03485753
0.1447436	0.07087451
0.2001431	0.1545768	0.3934284
0.1345513
0.05395805	0.05880938	0.1169253	0.1814018	0.1219707
0.113799	0.06061935	0.1349625	0.02793181
0.2897008	0.08477542	0.1729565
0.04214798	0.01055375
0.3591038	0.01833276	0.2133731	0.09788372
0.115191	0.0332897	0.2554535	0.0271161
0.1505442	0.05689587	0.08333095
0.0830445	0.06933317	0.07164235	0.1222699
0.03105878	0.1029418	0.002751976
0.1127589	0.1092431
0.1893874	0.1233554	0.09203928
0.1094423	0.07234111	0.1421949
0.07090269
0.05629124	0.1012652	0.1777552
0.3716502	0.2787493	0.06319118	0.06703394
0.09115483	0.09837762
0.1396215	0.1252712	0.06517107
0.2821153	0.1085891	0.06610641	0.1594659
0.002807263	0.1665617	0.05911742
0.2409361	0.005543274	0.1848958	0.09276993	0.03720378
0.1446767	0.02273353	0.08781449	0.2101058
0.02370983	2.542323e-05	0.06911963	0.1240643	0.1374457
0.1085214	0.05598932	0.2098864	0.1503166	0.06201482	0.1015614	0.2198147
0.1114741
0.1276252	0.1127668	0.02644964
0.1327712	0.1405208
0.0941338
0.08358903	0.02577736	0.02934574
0.0236174
0.09800233	0.03096736	0.102737
0.02498452	0.05256777
0.2047669	0.1002654	0.06850757	0.08117226
0.132822	0.04354112
0.1181072	0.2534093	0.0615213
0.1718189	0.09407846
0.1001987	0.1070494	0.1635232	0.1905623	0.02642244
0.09443522
0.1422321	0.05687991	0.1396473	0.08825253
0.1408906	0.08916791
0.07595179	0.003665692	0.147733	0.07192615
0.1278902	0.0190585	0.008733897	0.2202184	0.2322923	0.1646551
0.2454264	0.1314209
0.1263932
0.4010906	0.1561513	0.1603658
0.2043236	0.1235056	0.1146523
0.1303892
0.1546344	0.1283479
0.1070343	0.1652372	0.1145251	0.1923335
0.1458188
0.1014848	0.05259506	0.08461082
0.1236299	0.04831316	0.11068
0.0346353
0.1628894	0.02018794	0.1809864
0.1107569	0.0487129
0.1167932	0.1831515	0.03518267	0.03082389	0.0421706
0.1367853	0.02811563	0.04503949	0.05372617
0.09035532	0.04340729
0.01692176	0.1034975	0.05312328
0.02673513	0.06852332	0.175757
0.1994466	0.06477001	0.3677723	0.01513215
0.2546966	0.09565267	0.1597761	0.05504161
0.1437824	0.07484749
0.05939805	0.1077114	0.1862793	0.03913829
0.04755128	0.1700166
0.09872321	0.1388913	0.07507965
0.1168105	0.236767	0.1683275
0.174708
0.1125562
0.1879203	0.0274551
0.1449947	0.1808539	0.1245	0.09705963	0.128158
0.1641127	0.1291132	0.1629606	0.1080753
0.04159324	0.05735089
0.09664952	0.06659323
0.09350397	0.04663901	0.03696693	0.2342835	0.175779	0.07975429
0.288997	0.2284844	0.07466813
0.1498794	0.02830423	0.07411157	0.04257475
0.084162	0.01633722
0.3072128	0.09774302
0.1668713	0.05269769	0.05261902
0.06180281	0.07775429	0.1754399
0.1124669	0.05463436	0.1229849	0.09322793
0.04810378	0.05259717	0.2037678
0.07528997
0.09447396	0.06890145
0.05132153	0.03126155	0.2152032
0.01329519	0.1155419	0.2233313	0.1010345	0.1351	0.04474256	0.183674
0.1880115	0.08618074
0.2882728	0.06640919	0.1976102	0.2079997	0.08941003
0.1092279
0.1096947	0.1194859	0.285052
0.2014319	0.0778557	0.2121891	0.02404286	0.2274657
0.05575311	0.0434293
0.161032	0.02592698
0.2735592	0.1478573	0.1003241	0.1564391
0.07158591	0.07791296	0.05341239	0.1204203	0.1468463
0.09641224
0.01654181
0.1072003	0.1005174
0.1289568	0.001271364
0.1954779	0.02750993	0.1489115
0.09836554
0.1840973	0.002097965	0.27245	0.05184143	0.07478995
0.1443862	0.07593233	0.08274627
0.06124079
0.009434031	0.02743082
0.2030688	0.04614816	0.1039348
0.07863134
0.1770706	0.09535051	0.02726788
0.2450312	0.09680052	0.1709376
0.03361507	0.09388266
0.1334902	0.04461998	0.1589054	0.1729514	0.1626611
0.07891982	0.1011213	0.164513
0.1695681	0.04342402	0.1775222	0.1383309
0.23224	0.1217612	0.2109833	0.01748018
0.08358921	0.1393437	0.1502405
0.2286549	0.09908086	0.1458647	0.151067
0.07846818	0.1721943	0.0867719	0.1185841
0.06828515	0.05235213
0.09051961	0.0205117	0.06416556	0.08637549
0.0418211	0.02757893	0.1913682
0.06195048	0.2232905	0.01214402
0.06518186
0.1587507	0.08103315
0.06999682
0.07012177	0.03035281
0.1985984	0.05942012
0.3010483	0.08262801	0.1383368	0.01696133
0.168541
0.1342572	0.05763688
0.140964	0.06251786	0.03160225
0.1254222	0.01570304
0.1087568
0.03603148	0.01406527	0.0320031
0.08507623
0.135334	0.01762259	0.1023129
0.06387987	0.07129604	0.1031761	0.1884071	0.1610332
0.1594363	0.04308083	0.2036588
0.2093584	0.08115343	0.2357589	0.01448378	0.1666093
0.1065741
0.1085661
0.07664962	0.0719446
0.2013266	0.0942492	0.02679867
0.06904534	0.02308305	0.05877088
0.05819558
0.1026859	0.112737	0.1830517
0.08023995	0.04734436	0.07621705
0.1549444	0.04691008	0.2565265	0.08622905
0.07530763	0.090074	0.2739052	0.004959592	0.2237232	0.05903164
0.08536209	0.2468293	0.02193938	0.008520419
0.1697112	0.03404643	0.1236754	0.04355091
0.1631421	0.06894133	0.149114	0.04458152	0.0353363
0.2365142	0.02058657	0.08463658	0.1531732	0.06167636
0.1902114	0.1054182	0.09070014	0.1717603	0.25669
0.1339	0.08655311
0.08535307	0.08664761	0.1237251	0.1103537
0.1765449	0.08996985
0.05929719	0.1375498
0.09875058	0.1363721	0.1719152
0.1871945
0.086829	0.02993926
0.1284867	0.01051972	0.09640836	0.1039736	0.1080134
0.1725288	0.02163843	0.04816126	0.1037246	0.1662569	0.09291492
0.1522589	0.06232004
0.1360287	0.05637544
0.2159871	0.005916753	0.07100631	0.1278811
0.1289684	0.1939106	0.05869757	0.07158372
0.1382823	0.1188172	0.08867371
0.0918396
0.07448069	0.1250501	0.2172843	0.1049608	0.112638
0.08982135	0.1699654	0.06035687	0.02227247	0.1710756	0.2225972	0.122823	0.05567083
0.2047004	0.1047374	0.2790869	0.01573412
0.2285228	0.09895637	0.05642792
0.03461454
0.1918527	0.008774169
0.102297	0.02192503
0.06753261	0.1029248
0.1026657
0.05601233	0.1253022	0.194353	0.05627588
0.2084374	0.08504379	0.141001
0.2058074	0.115658
0.1717754	0.02813188	0.2725896	0.008543198
0.07722038	0.1030813	0.2388249	0.1024107	0.03576778	0.1655738
0.2422465	0.08575068	0.08732851	0.1247254
0.06449407
0.09978015	0.02092769	0.1504087
0.1088714
0.2432718	0.1698252	0.03356586
0.06900103	0.08885241	0.1620344
0.08940133	0.08551972
0.1931594	0.1231004
0.04911382	0.03429826
0.06696901	0.07915533	0.1907213	0.02786484	0.06518059	0.1068373
0.10772	0.02901334	0.07524495
0.2134298	0.06346121
0.1816449	0.08077094
0.09448764	0.01479629	0.0384704	0.1240082
0.03693527
0.03875678	0.01744957	0.04987732
0.1499908	0.01641524
0.2221661	0.07459869	0.1202639	0.1120339
0.2288084	0.01064957	0.1309588	0.150199
0.04088436	0.04878618	0.2401523
0.178207	0.1310391	0.2101321	0.03247706
0.1059268	0.03093702
0.06194689	0.05494564	0.1026945	0.192639
0.1057332	0.03925114	0.101383	0.1300322
0.1151259	0.06253971
0.1028585	0.03929833	0.1685911
0.172088	0.1279354
0.2907879	0.1297089	0.1319157
0.01007626	0.1441917
0.06011623
0.1515978	0.05830515
0.06722782
0.09080115
0.04802781
0.07184791	0.1260584	0.1146034
0.2034918	0.1130134
0.08465874
0.08223704	0.02171067
0.1359374	0.07982299
0.1503536	0.0140278
0.2854184	0.1227527
0.08609608	0.1155308
0.223297	0.05794884	0.06440468
0.04830196	0.1372379	0.0782176	0.09007233	0.07741179	0.1113463	0.2763083
0.1607605	0.06577763	0.1265568
0.07991256
0.3210918	0.08806304
0.2398216	0.0643724	0.09008829	0.3628192
0.009553307	0.04546324	0.1306334	0.1359397
0.1033113	0.1359682
0.2563102	0.06133665	0.1174094
0.1233382	0.03299449
0.1262394	0.04906941	0.09216241
0.1647988	0.06795778	0.1661386	0.1723797
0.1488824	0.06433755
0.02724199	0.0287929
0.07680795	0.009695403
0.2550707	0.02601073	0.1266259	0.1521397
0.1611697	0.0866562	0.0149054	0.03568918	0.08906956
0.09891838	0.0278706
0.008682929	0.08675408
0.1948238	0.04296314
0.06303452
0.1715766	0.07327886	0.1628933
0.1678937	0.103593	0.2060812
0.1388962	0.03755693	0.139679	0.05573687
0.1869477	0.07371084	0.08128824	0.2138935	0.109668	0.04572163	0.01185789	0.1648412	0.2209744
0.09269151	0.007366577
0.1919841	0.05543413
0.1802161	0.1063019
0.02038839	0.01869307	0.1220917	0.1092061	0.04959048
0.1379978	0.03833468
0.1470682	0.09465127	0.1764895	0.1712603
0.02268536	0.1299852	0.281512	0.1565289
0.04046871	0.1536135	0.164988	0.1751227	0.2821061
0.2082237	0.1736486	0.1011506	0.1250401
0.2260899	0.04876212	0.06676284	0.1304312	0.01835573
0.04977023
0.1295165	0.124764
0.1004587
0.1414195	0.1077749
0.1235284
0.1281268
0.159042	0.06225289	0.08768766
0.1268899	0.1118452	0.1116045
0.0149345	0.05036867	0.1334242	0.2022604	0.1086586	0.08752814
0.1476535	0.1420827	0.03047204
0.09215287
0.02312515	0.09329851	0.1442449
0.08279809	0.1316744	0.06755202
0.1675528
0.146328	0.1586779	0.4289618	0.1586814
0.1569808
0.09412977
0.1581543	0.0719276
0.121466
0.1642231
0.2305948	0.1072414
0.0952305	0.03325051	0.126029
0.1125487	0.1116199	0.1629702
0.09830186	0.01183831	0.1104414
0.1109793	0.03901645	0.1027867
0.06517677	0.06685404
0.225237	0.1377546
0.2292379	0.1992183
0.08849961	0.1210953	0.105335
0.05891851	0.1856473	0.01267348
0.1302044	0.002490669	0.133082
0.1183272	0.006921387	0.09349659	0.1538476
0.2279145	0.02467628	0.04857409	0.223123	0.2021677
0.08143512	0.004640369	0.1481594
0.05692873	0.07464916
0.1718578	0.06627092
0.2562962	0.0858876	0.1443992	0.1215072	0.1176845
0.09340875	0.1188228
0.1316905
0.03259323
0.25831	0.02570632	0.07022619
0.1412615	0.04904623
0.1439872	0.05670653	0.180386
0.1459506	0.06723927
0.05108347	0.172018
0.1298645	0.1628086	0.118271
0.1892296	0.1194805
0.1751346	0.04245733	0.06935901	0.09960728
0.07624612	0.05969687	0.003001006
0.196524	0.1045341	0.04011053	0.1866839
0.07131392
0.07308956
0.001532444	0.0488386
0.2308787	0.05210232	0.08972775
0.05316073	0.006542806
0.09990017	0.05756697	0.1432065
0.1311508	0.09590379
0.125142	0.006877665	0.03184967
0.1401759	0.0637511
0.02084449
0.04877591	0.0004948592	0.1341926	0.05929472
0.1802908	0.003256484
0.122171	0.05014766
0.3072339	0.09842044
0.1311267	0.08791772	0.1
0.1510647	0.05835558	0.2212021	0.04103019
0.1411576	0.226961	0.06628812
0.1016441
0.1413076	0.08795435	0.106234
0.03125119	0.04106207	0.2042995
0.2491947	0.08646397	0.1426203
0.1878094
0.04671379	0.3193448	0.1717579
0.09012454	0.1071035	0.3182173
0.05122476
0.08307784	0.03484301
0.1647822	0.1479464
0.08059991	0.04889989	0.1522593
0.1966116	0.06522886	0.09073362	0.03145858	0.2257957
0.2523925	0.139066	0.07419979	0.07319946	0.1887432	0.0311799
0.02559145
0.06974684
0.1617375	0.09526216
0.1352524	0.02041904	0.02557325
0.2055286	0.09535683	0.04580152	0.0007133141
0.1566753	0.02709502
0.1026935	0.04170234	0.1195961	0.07748583
0.03435202	0.03329708	0.02054721	0.0542078	0.2364493	0.1372414
0.1721518	0.09443587	0.2013276
0.09849904	0.08320523	0.1227787
0.2009025	0.07608974	0.1247068	0.1379223
0.1275801	0.02383023	0.105529	0.2855912
0.06851103	0.2041517	0.04908442	0.07980329	0.25623
0.1514417	0.0003803051	0.1581492	0.2401374
0.1831227	0.006402657	0.07508659	0.1633283
0.1376304	0.01321684	0.1186564
0.1832538	0.02575267	0.1030747	0.3242313
0.2987274	0.04272307	0.1012835
0.1340454	0.1052923
0.1608725	0.1324925	0.02730458
0.2111235	0.1187003	0.03545087
0.1067202	0.06352778	0.1392969
0.1468669	0.03977509
0.19085
0.1855212
0.003965885	0.2113923	0.1534845
0.07238057	0.1372405	0.09150711
0.2390324	0.1441091
0.2976142	0.1410789
0.01384043	0.177259	0.09547927
0.08631853
0.2159421	0.06547168	0.1569857
0.1030259	0.09653142
0.2489437	0.08059541	0.004085931	0.04428886	0.0707774	0.1711163
0.08828934	0.2472238	0.2674187	0.09497806
0.08008074	0.1586685
0.1289326	0.2014921	0.1866409	0.1574711
0.09569339	0.1674026	0.1798062
0.04000455	0.1714306	0.08746348
0.1565944	0.1462805
0.1215071	0.1016691
0.05951514	0.01036441	0.141393	0.04353831
0.08667296	0.1756224
0.2091307	0.04756967	0.1242715
0.1245898
0.04550944	0.03987194	0.2428681
0.1701424	0.03774692	0.08519483	0.02748833
0.08660638	0.05456021	0.07029796	0.1835532	0.2749686
0.2623375	0.09179721	0.04278941
0.136119	0.0474797
0.09112186	0.1685719	0.08836758	0.05564123
0.1122827	0.0590247	0.09934396	0.1703711	0.07667582
0.2391502	0.009499899	0.0375782	0.167502
0.002369765
0.05385341	0.09239384
0.1136671	0.06833642
0.1758562	0.04768444
0.1134651
0.08377402
0.2258137	0.03437028	0.1604872	0.1941095	0.1465488
0.1836354	0.0507549	0.04266326
0.09826884	0.09448363
0.06254186	0.1107633
0.1252507	0.1329031	0.1449432
0.1681076	0.01047873	0.1305737	0.10645
0.1021601	0.07497746
0.07985458	0.01375933
0.186211	0.07792716	0.2967761
0.203407	0.1457467	0.1218926	0.1348544
0.1830934	0.1760329
0.2045885
0.111568	0.1588884
0.1181473	0.02506382
0.2930455	0.09447229	0.03896576
0.1378451
0.06989254
0.1795527	0.08995208	0.09385395	0.1187061	0.0897537	0.05181296
0.08125266	0.07902268	0.2827276
0.006176313	0.1281288	0.1326026
0.140745	0.1092087	0.02759014	0.1846044	0.08490118
0.1384279	0.08299613	0.06612386	0.2610162	0.06217372
0.1534828	0.0883024
0.1426316	0.01184585
0.02235208	0.157263	0.4778933
0.02729965	0.1496391
0.2314647	0.1500594	0.07798357
0.08540288	0.1034809
0.09931936
0.2236761	0.08580738
0.06218547	0.05555624	0.2261506	0.03252494
0.1491826	0.1994037	0.02211247	0.05328272
0.09381477	0.04513699	0.03448923	0.0742689
0.1064484	0.05674397
0.2534589	0.01604278	0.1354931
0.1260902	0.003145083	0.1900142	0.1510283
0.08136189	0.1039239
0.04691997	0.01768797	0.1037704
0.04115912	0.001358922	0.1146466
0.1295923	0.09278185	0.331651	0.07884611
0.1783907	0.08157038	0.06334271	0.03761948
0.05213867	0.05576846	0.05638167
0.1272396	0.06493069	0.1336129
0.2202818	0.02592633	0.1715547
0.06365015	0.08927416
0.004741738	0.04161707
0.1061845
0.2050856	0.05852108
0.3149244	0.08338552	0.1172329	0.3017751
0.05390972	0.04183354	0.1780042
0.06193416	0.1114175	0.0259805	0.04419101	0.005064126
0.1357812	0.07302034
0.03505558	0.08960795
0.3903134	0.08574191
0.1041511	0.04956114	0.1599435	0.1508087
0.03682224	0.09058175	0.1643844	0.1138842
0.0697072
0.05064141
0.05613448	0.1121742	0.03909666
0.2186987	0.1404595
0.1739447	0.1098055	0.1178612
0.03300304	0.07136374	0.08999609
0.2700423	0.1177191	0.1410796
0.1238163
0.1483249	0.1079172
0.09118846
0.1041635	0.01924528
0.02695986
0.3106953	0.1544732	0.0270784	0.2700393
0.09810398	0.1454252
0.09361423	0.05721033
0.1896969	0.09207451	0.1187089	0.0612833
0.03865972
0.2897058	0.07233791	0.1171342	0.1119829
0.2288457	0.0009932355
0.09691541	0.02445782	0.1398547
0.09233446
0.2159361	0.1322794	0.1394975	0.07036888	0.2109737
0.2572737	0.07583906	0.09450517
0.3431377	0.08212966	0.1645356
0.08334924	0.07406824	0.2239636	0.09605149
0.1611371	0.03441355	0.1892984	0.08698686	0.1099018	0.06389841	0.2111488
0.06453804	0.01628303	0.1163564	0.160907	0.01389218
0.006286493	0.02157197	0.1851842	0.1397231
0.07441247	0.02515173
0.08337522	0.04090643	0.05229148
0.1210143	0.01783702	0.07719712
0.141286	0.1122897	0.04889053
0.09029294	0.07726701	0.1077919
0.2439738	0.06165113	0.1859414	0.04097491
0.1373616	0.3318503	0.1951959	0.02996807	0.1063608
0.1307014	0.07960959	0.07356677	0.07695857
0.1574274	0.007979035	0.1051655
0.1354213
0.1232638	0.01917154
0.1783042	0.1323683
0.09307769	0.1044448
0.1127662	0.04820001	0.1130399
0.03953912	0.02074996	0.186074	0.005183234
0.0730613
0.1230851	0.07473577
0.1857591	0.1675556	0.2550453	0.05936156	0.1703734
0.1635134
0.1620472	0.2254612	0.1583924
0.08094014	0.175815	0.1646763
0.1507954	0.2086657	0.1655285
0.1352812	0.1109553	0.04996433
0.1235366	0.2037965	0.1047787
0.08698724	0.0007699884
0.2633731	0.01755402	0.2022533	0.0573241	0.2026854	0.1780152
0.02939567
0.2320561	0.07648002	0.1795736
0.1196622	0.1240535
0.1892084	0.1299189
0.04701971	0.1251207
0.2077079	0.09703232	0.1472182	0.2741761	0.2708827
0.1759466	0.02422833	0.09053989
0.3337536	0.04857891	0.008518422	0.07890428
0.3525347	0.07373289	0.1118641	0.2528664
0.1390343	0.001293122	0.1591952	0.07526255
0.08380804
0.2067667	0.04489474	0.0720768
0.3026564	0.004653386
0.04603574	0.03961225
0.1426848	0.1187476	0.03680924
0.06165609
0.0538343	0.1274609	0.05162089	0.1069606	0.1263631	0.0316446
0.08237666	0.07260998	0.1361118	0.004714022
0.315438	0.039387	0.1476849
0.08335459
0.1605331	0.1194409	0.1554888	0.09187257	0.1092692
0.03428523
0.02541189	0.03394641
0.2002345	0.0213399	0.1361709
0.185057	0.1106677	0.0434175	0.1260075	0.06002873
0.08613593	0.09379489
0.3549056	0.07309862	0.06919439	0.06112813
0.08361304
0.0884263
0.06666882
0.1588126	0.01355352	0.0898783	0.03739384
0.008989664	0.00393951	0.1618061	0.01493086
0.0982089	0.07135872	0.05843549	0.2887712	0.2208885	0.05423161
0.1888333	0.07466999	0.07848727
0.1656433	0.0555133
0.07428658	0.06776267
0.1479377	0.04949071	0.1421856
0.1622123	0.07982118	0.04558315
0.1056479
0.1536136
0.2036088	0.3467802	0.01968658
0.09911671	0.1677244
0.07520886	0.1454803	0.01500845
0.07506144	0.1454803	0.2079711	0.02366446	0.1257484
0.02070389	0.1842243	0.2688667	0.1182303	0.156384
0.02620927	0.07596364	0.2703017
0.08799725	0.02699491	0.1871629	0.09717046	0.1632435
0.05434881	0.08741214	0.04018849	0.1275968	0.09367671	0.0034326
0.1315767	0.09254555	0.1255155	0.1491781
0.01045734	0.06843753	0.02927997
0.06904599	0.04692115	0.04069751	0.04943783	0.1900868	0.2849335
0.07298368	0.07933451	0.1781193	0.0629962	0.2781499	0.04974127	0.03945954
0.07770045	0.07285307	0.03268072
0.1269841	0.1543324
0.03791246	0.1984647	0.04574889	0.1919276
0.2031356	0.05131125	0.09579878	0.05676586	0.1820288
0.1436629	0.04937215	0.1569552	0.1219944
0.2218641	0.04163626
0.04544089	0.05546921	0.003584427
0.04969155
0.08457918	0.08833042	0.1370376
0.05764484	0.2285511	0.2327103
0.1501288	0.1013548	0.2834536
0.3565567	0.3174634	0.2149254	0.1712293	0.2377421	0.2799686	0.1309935
0.2385801	0.2858104
0.1194823	0.2652584	0.09849239
0.1758753	0.1484675
0.1176285	0.06957105
0.1256316	0.01696291
0.07535963
0.01568633	0.08336926	0.1472144
0.04736778	0.07064328	0.1631859
0.1295732	0.05773016
0.2400035	0.07214544
0.1007324	0.1032699	0.2581288
0.1078685
0.1107818
0.1553636	0.01674161	0.06408002
0.06332397
0.1965748	0.1576199
0.1053955	0.121457
0.07370296	0.03979042	0.3353482	0.2438792	0.05324504
0.1999121	0.07545204	0.06772565
0.08570763
0.2366143	0.1899443	0.1297844	0.1014857
0.1123011	0.06738026	0.1175414
0.1798054	0.1192197	0.06652585	0.1798229
0.1167877	0.02440898	0.1229808
0.1052987	0.01888058
0.002979673	0.06668175	0.05265381	0.09038852
0.1058158	0.2580286	0.1054685	0.005947527
0.1022718	0.05214084	0.1278313
0.1009518	0.02959598
0.1589515	0.01747273	0.004942127
0.1526776	0.03469498	0.04989671
0.04035251	0.3026486	0.0892889	0.1608935
0.02440405	0.1711262	0.0421848	0.03355154	0.09035382	0.08103718
0.08286558
0.2352023	0.06156399	0.1692881	0.08522528	0.1363217	0.04158945
0.09298202	0.04218576	0.006183051
0.1208886	0.04824023	0.1209706
0.05988469	0.01339048	0.2003961
0.04584687	0.02985416	0.2584187
0.1172336	0.1614495	0.07141577	0.07448599
0.1346892	0.06762997
0.2555817	0.1689915	0.09322326
0.08725839	0.07086047
0.1910241	0.06972118	0.1555521	0.06578104
0.1644698	0.004390005	0.126864	0.2365507
0.1191158	0.0642975	0.09813718
0.1546056	0.07886309
0.1266204	0.08045399	0.06540279
0.0184454	0.09807682	0.0585012
0.169331	0.115762	0.2296029
0.05683722	0.05543371	0.1599004	0.02734618
0.02019116	0.01340913	0.1314198	0.03226613	0.05831111	0.1202486
0.1000473	0.009864439	0.08123154
0.2853199	0.02709213	0.02716518
0.09144836
0.1736454	0.04780773	0.1193437	0.1436809
0.02436241	0.06805526	0.03837101
0.01600245	0.003638321	0.1883861	0.02171882	0.1707063	0.03381151
0.06699426	0.07094154
0.06576172	0.1115607	0.1718691
0.08506526	0.04351447
0.1164707	0.08361196	0.005908239	0.1462315
0.1357623	0.09631873	0.1401815
0.2024934	0.1785866	0.0555931	0.03143865	0.02429797
0.1669727	0.08731232
0.1112379	0.01287276	0.1033559
0.2495565	0.06588735
0.1207139	0.004895643	0.2982541	0.1367262
0.1250435	0.0152112	0.09023018
0.1374154
0.05661169	0.003377758
0.1124894
0.1948377	0.09964355
0.1621568	0.05191649	0.1431136	0.3020002	0.2182476	0.1141169
0.01109614	0.01651272	0.1187357	0.1067341	0.03467559
0.1174868
0.06904425
0.1872129	0.07878272	0.1011954
0.1736076	0.07199519	0.1243481	0.1146515
0.08037274	0.1310504
0.1514398	0.03753833
0.1398586	0.02035777	0.2444556	0.1413447
0.04368935
0.03083019	0.05553952	0.09403857
0.1730101	0.08811657	0.1082368	0.03539297	0.04528617
0.03922078	0.05266153
0.1320655	0.10654	0.09363796
0.0786139
0.1355985	0.01108494
0.1256134	0.04056125
0.1013045	0.05293687	0.1315523
0.01739394	0.06333448	0.1413616	0.1523076
0.04856708	0.116527	0.04889004	0.01101452
0.2562755	0.1285536	0.1502179
0.1714721	0.01480645
0.1630886	0.05505962	0.203553	0.07252542	0.1687082
0.08775875	0.09798073
0.07917739	0.08728286
0.003054948	0.01921665	0.1216622	0.2067697	0.06533464	0.02866558
0.05637541	0.02090367
0.07108995
0.1667159	0.07670371	0.00462595	0.1560826
0.1452606	0.059908	0.03774506
0.2142104	0.02072217	0.08021213	0.2103288
0.2407528	0.1058339	0.1233753	0.05813203
0.2337366	0.05665088	0.01788137	0.1843868	0.06538958
0.007695923	0.1838052	0.03093292
0.07638245	0.04136172	0.1912651	0.1504442
0.1918486
0.198176
0.2115605	0.1267808	0.1833726
0.2170575	0.1645685
0.1226104	0.07475525
0.164252	0.106913
0.08725381	0.04786269
0.1261206	0.01080091	0.118569	0.1888042
0.1299164
0.2013263	0.1796219
0.09569716
0.158404	0.08633417	0.1625315
0.1713191	0.1865778	0.1232261	0.03327279
0.05997348	0.07491345	0.1385674	0.04688181
0.06806383
0.1144237	0.08039412
0.1011955	0.008460937
0.1984847	0.08831741
0.1731429	0.0160201	0.1459939
0.1567453	0.1250264	0.05844187
0.1128593	0.1626413
0.1048389
0.1355306	0.01441913
0.2404949	0.0322037	0.1266434
0.1390062	0.08744041	0.06072851	0.2850672	0.095869
0.1750187	0.05760417	0.3315069	0.06315973	0.1156667	0.1149855	0.1257666
0.02763347
0.007166161	0.08383983	0.01909943
0.02579736	0.06589143	0.163234
0.0625729
0.08195228	0.03785578	0.0531934	0.2147418	0.01752163	0.009583378	0.1791562	0.1468544
0.1990724	0.107497	0.1641441
0.120245	0.04085999	0.1765908	0.1972753
0.07235636
0.1821189	0.1097158	0.1142201	0.2609288	0.08699056
0.1644175	0.06842333
0.09244193
0.1053816	0.05282889	0.07826587	0.1439871
0.00460863	0.08013078	0.1204545
0.2183196	0.1280655	0.1943699
0.1396446	0.05469609	0.2248906
0.08318798
0.176838	0.1150967	0.0654207
0.01507302	0.1010768	0.0449946
0.2032116	0.02537002
0.1820875	0.08876035	0.18113
0.07920437	0.01476707	0.0486892	0.1122411	0.1075971
0.01005694	0.2753165	0.02797308	0.04508185	0.06684307
0.122411	0.08672591	0.08890389	0.07172241
0.2306568	0.06274991	0.08193637
0.1987735	0.06456648
0.01931253	0.09208131	0.03906698
0.003422369
0.1885888	0.06324946	0.05876923
0.1015294	0.05734934	0.1778236
0.09398631	0.1300801	0.08256387	0.0739106
0.1577978	0.1804991	0.2374389
0.210144	0.2134852	0.0223183	0.2916566
0.2209721	0.1387304
0.1941897	0.04448848	0.1040593
0.1025555	0.06002823
0.06663224
0.01785362
0.2377885	0.03248057	0.1505595
0.1133248
0.2481061	0.12649	0.04424012	0.08608225
0.2024457	0.001432657	0.0783049	0.04839114	0.1074712
0.04397481	0.07225907
0.298008	0.05176677	0.04579412
0.09807546	0.1126952
0.02806169
0.1384299	0.07988343	0.2995193	0.04596864
0.1102765
0.1903619	0.07962042	0.1165313
0.1751557	0.05500483
0.1359676	0.1506162
0.1973149	0.03331843	0.06803186	0.1359387
0.1837391	0.05212443	0.01605592	0.01098361
0.1706886	0.006664014
0.08858616	0.02327098	0.229927	0.06381486	0.07335433
0.1446621	0.03588514
0.2687329	0.1105589	0.0721796
0.1877762	0.1150163
0.06326858	0.02353146
0.0299389	0.1011672
0.0738495	0.04628531	0.2752611
0.01258316	0.211023	0.08576191	0.09117729	0.2285085
0.1377671	0.07295394
0.1030064	0.04527551	0.002141368
0.1368413	0.01217391	0.1044756
0.07972131	0.07195627	0.1273878
0.06959478	0.001624017	0.1235384
0.09168451	0.01256129	0.1780222
0.1218053	0.1081585
0.2249508	0.01677831	0.1536022	0.1061734	0.1032222
0.1320193	0.0410846	0.1455601	0.03874926
0.1119107	0.01062181
0.1374855	0.06264258	0.01391309	0.120327
0.1852968	0.008234185	0.07947723	0.1715288
0.1050271	0.09367999	0.1587056
0.1457245	0.07124169
0.1963525	0.06430996	0.03132701	0.1911166
0.2081753	0.1003752	0.0862813
0.1595763
0.2054376	0.1168968
0.188681	0.1628765	0.09962742	0.1403227	0.01187599
0.1383136	0.03363657	0.03034933
0.1896444	0.03040401
0.2835252	0.003474167	0.03658179
0.03290221	0.009472317	0.1815315	0.02679367
0.1515674	0.09076069
0.1745712	0.09943557	0.06297288
0.1617494	0.03814833	0.0949274	0.1279724
0.09255179	0.05975363	0.1380042
0.1285978	0.05701562	0.05812212
0.04898048	0.1232014	0.2591047
0.2095769	0.09611743	0.1019056
0.1790192	0.1363578	0.1143878
0.1895579	0.06909366
0.0433923
0.03813308	0.1393385	0.08885689
0.3803566	0.02923709
0.1337626	0.1033568	0.12
0.189819	0.01684848
0.2742558	0.140894
0.1084167	0.1038222
0.1511732
0.08085316	0.03911786
0.03011836	0.07881545	0.1130067	0.1191623
0.06315162	0.07301189	0.107649
0.2693462	0.1297654	0.1663125
0.05751533	0.1704272	0.1819324
0.1828811	0.09386513	0.02258405	0.1025092
0.04564531	0.05596964	0.2439107	0.03134937
0.1113768	0.0977391
0.06769947	0.09993244	0.1078184	0.0472351	0.2150197
0.2122156	0.03354288	0.216475
0.1372731	0.05284603	0.1951339	0.06890188	0.3337523	0.0939901	0.05853104
0.1505191	0.1010346
0.0901672	0.02953703
0.1072728	0.107883	0.2294862	0.1426359
0.0965959	0.1411303
0.2981758	0.1456959	0.05121578
0.1179743	0.1314082
0.1640972
0.1336851
0.1116085	0.1321851	0.1168233
0.1597951	0.1500044	0.2044817
0.17991
0.03467049	0.1226853
0.2526643	0.00500782
0.06248765
0.1896833	0.1186595
