MassExtinctionTimes
4.405412	3.533887


6.334545
3.430826
6.009982

19.7001
19.12487


0.3276367
5.513925




7.029076
36.97836
37.75052	17.68989
37.576	4.623503
37.45195	17.03261	2.038708
36.66409	18.9991
19.39544


7.847164




18.80774	8.033431
19.6007	2.598372

1.741491
2.540986

19.37744

1.022027
4.551514	6.285127

4.309887	7.493856	8.664261

2.561354
7.413167
1.453336
19.43509	7.481474

17.02246	2.129042



5.932718


1.531913
17.92564
19.38443
0.2269884


18.73612
4.530581


6.415186
2.098497

7.482212
7.779035
5.454167	19.01109
1.303581

19.17917	8.01476

20.4718
19.55094
19.01432	1.510854	4.737974
7.338666

0.7787645
0.8761168	5.414013
20.14071


10.09977	7.471244

5.329278
4.120453
1.838332
4.163314


22.43281	4.55888
6.849632
6.132136
5.69761	3.9353
4.063719
19.47138

19.48941
10.30368

7.77993


2.049659

18.95724
8.09047

1.335659	9.922557
5.314639
7.062851



6.42394





17.78429	7.554328



1.567646


4.083858

1.469312	1.141492


6.475732


18.65673

17.94852
3.793404

19.55299	7.087474
6.382698
13.78883
0.1182187	3.379127	11.02682	7.529133
19.33618
0.9893421
6.834321






7.766382
18.97725



5.504726	18.59937

19.01988	4.807211

19.54049
19.60192	2.701526

17.05036
3.283951
4.170509	16.68239
20.71957
4.118775

6.130699	3.578235


17.81712

7.341745

7.551772
4.657532	6.708748	19.43627

8.093764
7.518208
19.66893


6.644942	5.51001	10.24267
5.192079	1.881399
19.51818
5.377144
17.67659

6.346109	5.071597

1.090081

3.30654	4.223571
19.32489

2.018056
5.595517
19.63182
7.272919	7.424573
15.65354
6.985285



6.305543
0.3672694


19.40786
1.51875


19.5186
17.99344


24.14933

1.422282	7.41444




4.400583





20.91764

19.23554

18.93494	7.897529
16.99228
4.130815
16.43707

19.08275

2.031463

20.74435
11.00992



7.149743

2.227467
3.708329


17.04536	1.012114	2.446439

16.65884
9.955659


21.68865
7.491708	20.50895








2.693544


5.787277
18.9995

2.566343
19.38471

5.582334
18.45972	5.762868


6.393689


3.678962	9.340824
2.591106	19.61309	7.03014
4.412045
7.940601
6.07523

3.985136	7.950796	4.53184







4.619868
8.049545

20.65336


20.65687
19.26623



14.25857

7.364932
6.294108
19.64275	6.857404
7.483511	0.134999	19.78053
19.50911	7.409841	5.965944


7.166918	2.468881
19.05819	1.967311
20.9985
6.041237	2.366219
3.391338	7.809404
1.393896	0.8698437	16.83546
21.81189


19.81046	7.09382


4.667656
16.45896


17.18063

5.121173
2.60021
6.474137	16.22396

18.81224
20.15737	8.064144

1.027324
17.90785


18.89866
19.54328
7.905006
18.49832

7.072128
4.123395	6.641836


6.964731
4.820873


1.131827


19.8445
4.525511




1.668899
6.767307	10.67883	1.793891
0.3679196
4.354386
4.029985

4.004089


17.98012




3.457654	19.62782
19.5186
5.557896
4.819251

19.48421	0.4903037
5.742821
0.8090353

5.532582	3.014194

19.34175	6.913317
5.519775

36.02076	10.93552	10.83209
35.02921	17.80513	6.748531
37.03226	15.20596
37.70639	11.45102	0.2259652	0.7781002
37.27714
37.46963	7.788636
37.404	19.6424	3.879441
36.96877
37.56554
37.5282
37.37692
37.7545	19.63684	11.18808
37.36178	19.08559
19.23985

18.35903	2.282447



19.61004
3.11561	6.404195	19.43449
6.004678
6.44903
19.17831	5.536995
4.347641

10.93485


6.981233
3.09765
5.794208

19.47791
10.34623
7.84991
19.76008


4.465802
7.51833
4.61745

7.761371	6.372206
19.00826
3.045634
16.68832


18.52596
7.11656	18.60077
5.577151
18.37972	1.771945

7.025475
19.09668

15.97627
18.72735	6.954901



6.827603
3.166199	24.70304


5.246069


19.70515
3.427901


0.08856041

7.263382



18.55901	7.011636
5.681349


7.729413
3.568807	3.585369





3.450693
19.66275	3.510553


17.07471
6.292652

17.44078
18.17064

18.58389
6.976413


3.105156
17.99601
13.6298

5.392583	20.75404
19.30969	6.921666

4.934577
0.04183259


17.27199

3.826709




4.843121




6.086994	15.96689



19.86934

18.56158


16.56373




7.626409

8.977256



10.2709







18.85059


37.50224	15.99272
37.52949	7.095596	5.118317
37.52949	19.44259	0.6750316
37.53084	2.73529	8.258676
37.53084
4.811591	10.31132
19.73959	0.06543159



19.85112	39.65278
37.55904	2.690077	3.940523	22.45608
21.67771

6.691265	4.863394
20.07923
3.746027

5.443196
19.40037
7.962142

4.894422	19.56784
7.212397	19.76937


6.870039


16.18229

4.094082
0.1942713
1.961677


7.162023

7.581041
5.342577

20.90267


1.449673	3.546173


7.399407



6.413758	2.692233
18.70683



5.48312

19.40617

7.578374
5.712259
7.829782

4.126501	5.425256	6.240228

7.572497
5.008913	10.29061
2.639358

7.773862	3.939831
5.336673
19.58389	3.579753	5.99736

19.60667	6.620731	5.443775
7.351809

6.826887

17.97194	0.1813243
0.5199394	11.23632	1.457558

5.648079

9.638227
21.9742
7.364638

18.92273


3.859626
7.438643


21.01702	3.816106


8.716538
15.68892

2.542094

7.243356	6.847775
6.620168


4.693591
7.35938
18.52358
36.16626
37.57044	19.65182
37.51818	18.80646	2.625999
37.4977	2.898764
37.44863
37.54614



6.313056
19.43079


7.722309
2.648704

2.00271

5.805498


2.040492

5.324886

3.902794




4.689004
16.69863
2.097743
14.37476
7.394452	6.22385
11.18956	18.176
5.791403	6.211431	3.847488
1.50211


16.32951
6.856035	17.12425

6.412715	20.29477


3.710916

6.523778
16.77485




6.534005
4.63544	11.87419

19.07366
4.739797
18.8662
18.92278


3.917951
6.744702
3.617469
4.238742

19.6611
19.37923	4.303752	1.44421


18.56424

3.427544
19.0102	7.543265

0.7083077

7.97944



7.744957
1.20054



4.959025	2.221833
5.287861
24.18593	5.500727
0.02051762
7.55979	6.20306
4.102532
14.64363
1.412311
5.666033
7.508441



1.112718




19.50798	7.761121
4.47844

5.011239

19.51583


15.62317


6.395761



7.897699

0.9826341

23.98273	6.556817


3.293873	4.184482
5.409536
18.83151	2.30628

1.176785
6.460119	4.607626	7.558167




4.811442
7.836602	3.708857
6.746891

0.3186613


4.887947	5.700384	16.43238
0.7283769
7.819561



6.58384	0.3904593


0.724194






6.57683
16.14404	6.113759
18.95008
7.377828	7.401581



6.486911
6.710896
3.022287
7.215115	19.83574	7.914758

9.727535
19.33173	6.71976
2.153743
8.082777
6.110665	9.202609
2.175727

16.68116	6.039873
0.3256852

18.97062	6.599707

7.727602
20.63799


20.48461

1.003377


5.159987
2.298186
7.310717

2.442873
7.537944

4.970055




7.036815



20.34538	1.375004

19.08902
19.71412

18.51435	6.937185

4.309433	6.676811
4.383159	18.18919	1.416262
8.03618
5.465085
3.5278



6.432403


7.528968	21.527

2.694792
10.73468	0.3226634


7.189288

5.582948

5.243752	18.63931
5.293501
17.9424
2.670158
19.78679
7.783244
5.319709	7.696035

0.6216899
10.63083


6.75548	5.944766	3.653127	0.6348318
7.336218	7.814562
7.26217
2.016373

17.43034
18.69028
7.764859


4.56631
4.863931

19.60678	0.4904746
19.86273
9.060881	2.725766
18.69472




17.90703	5.699077

7.361558	16.71723


5.894794	6.852158	10.67128

3.229619
37.53323
37.51982	0.9017605
37.26546
36.35264	3.041756
37.35862	19.60412	1.096537	7.735084
37.37994	19.35814
37.5128	19.45323	5.097727
36.33178	1.008989	4.308582




19.38616
17.44495
0.02698774



6.085508


0.08696806



10.79898
17.94004
19.46289	10.04034
18.06157




19.11184
5.743612	1.909407	2.317999




7.542223

9.813729

6.901707
6.952491	2.954281
19.67822


7.212558	7.430672
16.33298
6.996784
19.35286	2.71811







19.45682	7.359018	4.273879
6.299211
0.9614584
6.224473	7.396523




17.78696
7.794487

5.60126	5.595108

3.683386	11.139

6.600414

5.382139
7.743571
3.169244


5.067451	2.874605
18.09468	4.74187

5.03558
18.99325
18.65438	4.068969
19.4249
18.4417	7.609421	4.048861

6.378116	0.5240124
19.37496


0.8866718
15.66991


7.198999
4.444492

4.697405	17.54444


5.591999
19.17488
2.257652
19.76954
9.099841
10.80367

10.94604
7.167724
19.52731



19.72493


7.899438



19.8335	19.68275

18.79619
4.199755	3.534526
0.2491154	0.8509106
19.15875	7.2615

3.751692
6.214119
7.361709
3.047559


6.768786


17.89254

19.42943

18.99182




5.080302


4.294548
10.34031
18.55215


18.67205

19.78141	0.8854183

5.934912
23.03228


0.6554809

4.717225
1.842545	19.08897
5.262131
1.007895


6.775357
1.239309	10.92711
18.71454
6.482095
18.75712	4.81105	6.714823

3.631613


4.809023	5.985679

0.2627396	3.649704
3.693937


6.77271

7.464553
6.818479	19.73597
5.511822	5.701989

14.58202

19.76743	5.291936





19.48221	7.340256
3.633962	6.093965


1.754916	7.933956


19.3491
3.346449
4.226045
20.67022

19.60038
18.2648

15.04124	1.762214
17.70272
9.395803

4.900249	4.521826
5.528292




18.25218
7.459895
7.803535

7.321057	2.43407
18.63527
18.88962
3.002905

7.438804
7.192326

7.897559
18.53733
2.577692

5.536396
5.030246	4.311994
18.30975
4.317379
19.76431	7.68068

0.806007
9.178184

18.72481
0.6772076
3.408123	8.095085

6.833812



18.95624	3.209123	7.396987
4.09933
9.081511


16.95363
5.302868






14.43221	7.992995


0.06454539
17.91797


18.6468

5.875598
5.816217	0.2122318
4.033873
7.889947	4.400786

3.432805	7.241836


18.96028
2.963186	5.494279
18.53305
0.5681477
8.091283

7.159055
16.99511
18.81242	4.68087
5.604406



3.624685
19.41205	7.881595
18.44275
0.1799748

20.09233




3.146068	2.978756
18.59382	5.747907

6.435154


18.6073
18.98311


18.06884
18.3824

10.8445
5.35334


6.406865	5.351703
11.17385

2.056592
17.92585	7.502353

2.007383	3.892143	0.3731608


0.6711932
18.72628
5.097696
2.632518

17.81176

4.432633



3.768064
19.63675	2.883762
4.034269

5.987864




19.55646


19.58525

11.19552	0.799381	6.591038
7.837865
18.26159


7.982736

3.298899
6.523866	1.717356


1.303812





7.706706
7.746713
3.132879

19.61999
3.516187


7.800788

0.8089172


3.367265

3.527442
6.075299	1.150674
19.50445

2.672057

19.56187	1.705706

7.594363	0.5834768

24.73616
4.267614



16.86294	6.641009
19.7018




6.931455	14.3312	1.975691


3.287987	17.80218
19.74605
6.217971






4.027239
8.083127	0.7092303
16.97591
5.363858
5.358256
17.233	5.029176
16.00291
19.30843
17.12699	3.688886

10.37562


7.161775
6.758037
10.28626
10.96992

10.71823

9.61695
0.3903511	0.07421465

6.204143	7.008624
16.18091
7.792628
5.203134	8.315765

7.512595
4.280608
5.994009
6.925487




18.15204	5.906174



19.34717


4.617373




0.7046242	8.0485


17.83669

2.909555
19.85395



19.41062	1.137578
7.353747
5.554661
11.51771
5.822522
5.564755
19.85907


1.803794	2.296438
19.7088
0.6558409
9.090064

17.64987
14.01749



13.98112
4.659762	10.34827
0.3193819
2.136621


18.39164	6.273366

7.298362
19.02281


18.87222	6.334042
16.76868



20.0705



