Iteration	posterior	NumSpeciation	numExtinction	numMassExtinctions 
100	-731.677739572729	3	3	2
200	-746.84608066977	5	6	0
300	-729.954969993267	4	2	0
400	-723.06891226323	2	1	1
500	-733.838323883763	3	3	1
600	-727.600475667662	2	2	1
700	-735.089898198212	4	3	0
800	-738.178643089654	4	2	1
900	-738.274412042827	3	5	1
1000	-738.725701677612	4	3	0
1100	-729.195030405241	2	2	0
1200	-730.126097164835	3	1	1
1300	-742.938868389525	5	5	1
1400	-735.314000531937	2	5	0
1500	-727.474985436878	2	3	0
1600	-726.625573899364	2	2	0
1700	-726.363010461274	1	3	0
1800	-731.544415935943	3	3	1
1900	-737.191872484704	4	4	1
2000	-741.777424511478	5	3	2
2100	-733.763557904488	4	2	2
2200	-727.361784664698	2	1	3
2300	-736.872863145181	2	4	2
2400	-732.449027898212	3	4	1
2500	-730.372572050701	4	1	0
2600	-734.989176582884	4	3	0
2700	-733.928729017716	4	3	1
2800	-725.313735570597	2	2	0
2900	-730.291766868924	1	4	0
3000	-732.967475693049	2	3	0
3100	-736.68836878296	2	5	0
3200	-737.406781482968	5	4	2
3300	-742.926971184706	4	6	2
3400	-735.347230707436	4	4	0
3500	-740.586539038461	3	5	1
3600	-746.984663901346	9	1	1
3700	-735.050053116704	5	1	0
3800	-728.774224293191	3	2	1
3900	-734.710351165338	3	4	0
4000	-725.240264395448	2	1	1
4100	-730.102590869214	3	2	2
4200	-723.500094185669	1	2	0
4300	-738.01892496603	5	1	3
4400	-724.551203261872	2	2	0
4500	-733.678069253679	1	5	1
4600	-733.975837282989	3	4	1
4700	-725.081610433072	2	2	1
4800	-739.222499030157	2	5	2
4900	-723.794687732198	1	2	0
5000	-733.166862282448	4	2	2
5100	-732.522021464457	5	1	0
5200	-725.740816491061	2	2	0
5300	-737.771186249293	3	4	0
5400	-734.221182117825	3	2	1
5500	-731.438411541658	3	3	0
5600	-731.378188864524	3	3	0
5700	-734.22302206115	4	2	1
5800	-734.224805747948	4	4	1
5900	-743.865928112892	4	5	1
6000	-737.563185797262	2	5	1
6100	-733.992061619765	3	3	0
6200	-729.975338850181	3	2	0
6300	-732.081280997125	4	1	1
6400	-738.484977231209	3	5	1
6500	-730.335414870728	4	1	0
6600	-729.918968361993	1	4	0
6700	-742.509326607286	6	2	1
6800	-736.263824582847	4	4	1
6900	-729.575677634969	3	2	0
7000	-729.472662233859	3	1	1
7100	-738.765211731559	5	3	1
7200	-740.036375656666	5	3	2
7300	-748.326705291899	5	5	1
7400	-742.084080562584	3	6	0
7500	-742.114854151175	4	3	2
7600	-733.43274079639	3	3	0
7700	-740.165694336787	5	2	1
7800	-736.822652763317	5	3	1
7900	-727.557616641323	3	2	3
8000	-748.922922301982	5	4	1
8100	-729.800648883089	4	2	0
8200	-734.627522836267	3	4	1
8300	-725.347099546548	1	2	2
8400	-741.025362230076	5	3	1
8500	-726.631299260679	4	1	0
8600	-739.139294256522	3	5	0
8700	-727.67642487744	3	1	2
8800	-725.452968545321	3	1	0
8900	-731.653104347919	2	4	1
9000	-736.671671398955	2	3	1
9100	-737.644451955345	4	2	1
9200	-727.774089214174	3	1	1
9300	-736.258687550226	4	4	0
9400	-727.694806234306	3	2	0
9500	-732.245909913229	3	1	2
9600	-742.139185941333	6	3	1
9700	-737.617160200308	6	3	1
9800	-736.942438846435	4	4	2
9900	-735.59335918467	2	4	1
10000	-738.034074161517	3	5	1
10100	-749.173542000483	6	5	0
10200	-727.15131146187	2	2	1
10300	-730.783230159319	3	2	1
10400	-726.70803737768	3	1	0
10500	-734.037685836121	4	3	1
10600	-728.064186104188	2	3	0
10700	-736.615192509063	4	4	0
10800	-730.741879580059	4	2	1
10900	-724.958121728509	2	2	0
11000	-738.446287988192	4	3	1
11100	-728.388383748889	3	2	1
11200	-735.489057635505	3	4	0
11300	-731.718403099822	4	1	2
11400	-731.426546883863	2	2	1
11500	-732.791059602669	3	3	1
11600	-737.064754558769	5	2	0
11700	-725.627057413784	1	3	0
11800	-731.323000620604	2	3	0
11900	-739.225536792471	6	2	1
12000	-733.578891250889	5	2	0
12100	-722.395654261029	2	1	0
12200	-722.547925017793	1	2	0
12300	-735.269043194243	5	2	0
12400	-725.566084710323	1	2	0
12500	-728.860922421666	2	1	2
12600	-746.947122303136	6	3	0
12700	-725.068154810396	2	1	0
12800	-735.026416069362	2	4	0
12900	-731.089924642516	3	2	1
13000	-728.014053959758	2	3	0
13100	-726.121426832165	1	2	0
13200	-725.140901955945	2	2	1
13300	-724.549789032536	2	2	0
13400	-730.946139271857	2	2	2
13500	-732.859102666904	1	5	0
13600	-728.962026954402	2	2	0
13700	-725.969967055095	1	3	1
13800	-734.62879062167	3	2	0
13900	-730.344730098521	3	2	0
14000	-729.223562057855	3	2	1
14100	-733.269202191179	3	3	0
14200	-733.847774570536	5	2	1
14300	-730.391985537021	2	3	1
14400	-733.789026271712	4	4	0
14500	-729.798508901333	1	4	2
14600	-739.552986707108	5	2	1
14700	-735.542584367976	2	4	1
14800	-760.542419980616	7	4	4
14900	-726.967666199919	2	2	1
15000	-731.217262787854	3	1	1
15100	-734.254557464075	5	3	1
15200	-723.021560863638	2	2	0
15300	-736.183264810065	6	1	0
15400	-729.867369747087	3	2	0
15500	-725.457925047512	3	1	0
15600	-725.243589057175	2	2	0
15700	-730.842008913703	4	2	0
15800	-733.913988690927	2	3	1
15900	-734.411680125249	4	3	1
16000	-735.807453594754	3	4	0
16100	-737.298667540492	3	5	0
16200	-730.920087870144	4	1	0
16300	-729.298388112238	3	1	2
16400	-739.892306211628	1	6	0
16500	-728.524744634101	2	2	2
16600	-725.35537648885	2	1	0
16700	-731.238995071266	1	3	1
16800	-736.238321802401	5	2	2
16900	-741.69766064214	2	4	0
17000	-738.119475448874	5	1	1
17100	-729.230101561684	4	1	1
17200	-731.390215522829	3	2	2
17300	-734.246124023837	6	1	1
17400	-733.326408851707	3	3	1
17500	-730.478895586398	3	2	0
17600	-738.288335734328	1	5	2
17700	-728.408564117957	2	2	0
17800	-736.582579286821	3	5	0
17900	-724.092454594234	1	1	1
18000	-728.155596213022	4	2	0
18100	-739.530380901732	6	2	1
18200	-724.461540613339	2	2	0
18300	-723.148374766706	1	2	1
18400	-727.931585547345	3	1	3
18500	-726.251072834721	1	2	0
18600	-727.252785906654	1	4	1
18700	-726.676899420973	3	1	1
18800	-744.694981172814	4	6	1
18900	-725.407767019781	2	1	0
19000	-736.303026066273	4	4	0
19100	-740.944353274024	3	4	3
19200	-730.837815254076	3	1	2
19300	-725.960193642768	2	2	1
19400	-725.515626627438	3	1	1
19500	-733.372369708194	4	2	1
19600	-732.609643556346	4	2	0
19700	-736.035739036583	3	4	2
19800	-728.481350073998	2	2	0
19900	-751.363419211441	8	3	1
20000	-729.656499961435	2	3	0
20100	-734.119646537159	1	4	2
20200	-738.623289934074	7	2	1
20300	-738.196982793873	3	5	0
20400	-726.202057866432	3	1	1
20500	-739.46871016749	6	2	1
20600	-731.262275500773	2	3	1
20700	-737.707866848698	6	3	2
20800	-729.565357940239	3	1	1
20900	-727.130067444117	3	2	1
21000	-727.455557607444	2	2	0
21100	-728.706042724509	1	3	0
21200	-742.730516239555	4	5	0
21300	-731.671842994687	1	3	1
21400	-730.35343202582	1	3	1
21500	-724.531788410373	1	1	0
21600	-725.817344115619	3	1	0
21700	-738.86350048384	5	3	1
21800	-725.855388024957	3	1	1
21900	-731.045195123828	4	3	0
22000	-730.704849233077	4	2	0
22100	-733.104053246638	2	4	1
22200	-737.173559648244	3	3	1
22300	-735.422634023976	2	5	0
22400	-734.215393766306	1	5	0
22500	-742.370814718346	6	1	1
22600	-726.559721963904	3	2	0
22700	-734.333726178974	3	4	2
22800	-726.613016919834	3	1	0
22900	-723.990583965995	1	1	0
23000	-724.602946153467	2	2	0
23100	-747.702394594305	7	4	0
23200	-730.579244273806	2	2	1
23300	-735.344662304731	3	2	0
23400	-742.584961948606	6	3	0
23500	-735.450454182846	1	5	0
23600	-729.325231301319	3	2	0
23700	-735.392767579356	4	3	0
23800	-729.203635586563	4	1	1
23900	-732.617978472187	3	2	0
24000	-734.295286123368	5	3	1
24100	-733.484628165797	5	1	0
24200	-730.301290407404	2	4	2
24300	-740.175641786672	3	5	1
24400	-729.554040034792	3	3	1
24500	-736.438405494901	3	4	1
24600	-727.384776607297	3	2	0
24700	-732.861089463054	3	4	1
24800	-728.533365966658	2	3	0
24900	-730.817240612636	3	2	1
25000	-725.205540851005	1	2	0
25100	-730.483758767846	3	1	1
25200	-739.722463887456	4	4	1
25300	-733.625289456126	3	4	0
25400	-725.945930876238	2	1	0
25500	-737.163352687209	5	3	0
25600	-740.458305860503	5	3	1
25700	-727.426430446043	3	1	0
25800	-726.132429923917	2	2	1
25900	-743.312373290469	7	2	1
26000	-735.689624044198	4	3	0
26100	-737.687313837383	2	5	0
26200	-727.108249534822	2	1	3
26300	-743.615090825318	6	3	0
26400	-735.806573628367	4	3	1
26500	-729.536067958973	3	2	1
26600	-727.807878509643	2	3	0
26700	-737.550775165329	5	3	0
26800	-744.033151756973	2	6	1
26900	-725.398217519071	1	1	2
27000	-729.841088913536	3	1	0
27100	-737.931423027317	5	2	0
27200	-748.481925523374	5	6	0
27300	-735.314502934482	3	3	0
27400	-733.750120329852	3	2	0
27500	-723.848877165987	1	2	0
27600	-730.504342261713	3	3	0
27700	-730.155251900087	1	4	0
27800	-742.150780781344	5	4	1
27900	-727.258093997652	3	2	0
28000	-734.631251117065	3	4	0
28100	-735.546023491145	4	3	1
28200	-735.055035941716	2	4	1
28300	-728.164948492166	2	2	0
28400	-728.596105191349	2	3	1
28500	-728.21780139311	3	1	1
28600	-731.707131690392	2	3	0
28700	-733.981592190349	3	4	1
28800	-733.416463508501	4	3	2
28900	-732.294883027119	4	2	0
29000	-742.279775539575	5	4	0
29100	-727.509475064048	2	1	1
29200	-743.266833085275	6	4	0
29300	-730.437465061841	4	2	0
29400	-734.944206341259	2	4	2
29500	-741.859610518116	1	6	3
29600	-737.847126352645	5	2	1
29700	-729.145892275039	3	1	1
29800	-736.092047114879	1	6	1
29900	-737.043621339495	4	4	0
30000	-729.53438860854	1	2	3
30100	-725.946355600354	1	2	0
30200	-737.605726983587	6	2	0
30300	-732.457332583502	4	1	0
30400	-744.256613639828	6	3	0
30500	-727.597377288896	2	2	0
30600	-732.552844449787	3	2	0
30700	-728.274711397644	3	2	0
30800	-725.679924323705	1	1	1
30900	-732.587386782717	4	3	1
31000	-726.079730072896	1	3	0
31100	-730.30805880521	1	4	1
31200	-728.88232911939	2	2	0
31300	-742.124094943499	3	5	0
31400	-730.209801443937	2	3	1
31500	-733.09596441158	3	4	1
31600	-730.466266325722	2	3	0
31700	-726.949549426849	2	2	0
31800	-734.010195094189	3	3	0
31900	-739.103796888249	4	4	1
32000	-725.332294618743	3	1	0
32100	-739.593464609384	6	3	1
32200	-725.804855026663	2	1	1
32300	-742.745489471973	6	4	2
32400	-727.558629092077	3	1	3
32500	-726.540064038718	3	1	3
32600	-729.258122129262	2	3	0
32700	-724.668812003984	2	2	0
32800	-733.250569825735	4	3	2
32900	-729.23204193045	3	3	2
33000	-733.115625683214	2	4	1
33100	-727.234888632194	1	2	2
33200	-741.45960918148	2	7	2
33300	-728.606062574176	1	2	3
33400	-742.478236292839	4	4	1
33500	-723.78028786538	1	1	0
33600	-732.332970511282	2	3	0
33700	-737.714283892408	6	3	2
33800	-737.74784169486	3	4	0
33900	-736.897870217524	3	3	0
34000	-728.98723454814	2	3	1
34100	-735.022295152616	4	2	1
34200	-723.065845929272	2	1	0
34300	-741.222291808562	7	3	0
34400	-727.967396405127	2	2	1
34500	-745.133882233537	2	6	0
34600	-727.030729223791	3	1	1
34700	-752.567495614728	4	6	1
34800	-734.737003191861	2	3	2
34900	-740.404557177388	5	3	0
35000	-729.109504369281	1	3	1
35100	-734.238998181192	2	3	2
35200	-727.230828238008	1	3	0
35300	-724.540523685782	2	2	1
35400	-736.007104363387	4	4	1
35500	-730.735916751064	1	3	0
35600	-733.251983399248	5	3	0
35700	-742.242730040594	3	5	1
35800	-730.807737781856	1	3	1
35900	-726.798472310165	2	3	1
36000	-736.810366900775	2	5	1
36100	-729.337630007341	4	2	0
36200	-726.025636667884	2	2	1
36300	-736.537887745793	7	1	2
36400	-741.112791199988	3	4	0
36500	-724.235345380304	2	1	0
36600	-732.355897333303	2	3	1
36700	-726.221408394506	4	1	1
36800	-731.118848254642	3	3	0
36900	-729.907762118845	5	2	0
37000	-740.827548077861	5	3	1
37100	-734.064246814477	3	4	0
37200	-730.517192229619	5	1	0
37300	-730.65235220265	2	4	1
37400	-739.955842044359	3	5	1
37500	-725.87886346739	2	1	0
37600	-734.576289617013	5	3	0
37700	-729.605491982503	2	3	0
37800	-733.593833971242	3	3	0
37900	-742.971607248941	2	7	1
38000	-730.524997954242	2	2	3
38100	-731.53734823646	1	4	1
38200	-750.038519707292	7	4	1
38300	-730.138043487787	3	2	1
38400	-739.464080983186	5	4	0
38500	-724.008801672887	3	1	1
38600	-730.374691219564	2	4	0
38700	-733.647230573925	4	3	0
38800	-738.49713362705	3	4	1
38900	-727.230573488275	2	2	0
39000	-730.301014836473	1	3	0
39100	-734.654615028392	5	3	0
39200	-731.031654014098	1	4	0
39300	-730.619454731825	1	4	2
39400	-730.234604970217	3	2	1
39500	-731.811303939599	3	3	1
39600	-727.085105669638	3	2	1
39700	-728.398442345762	3	2	0
39800	-738.96385557802	4	5	2
39900	-731.374442059536	1	4	1
40000	-736.495834389568	3	4	1
40100	-731.686723664404	3	2	0
40200	-726.744593293295	3	1	2
40300	-730.183038317326	5	1	0
40400	-734.315741136684	5	2	2
40500	-732.390229905719	3	3	1
40600	-728.373602179299	2	3	0
40700	-741.822270130527	4	2	3
40800	-731.00848468413	3	1	3
40900	-740.20171470046	3	4	2
41000	-743.891721815581	6	3	4
41100	-737.2590946594	3	2	1
41200	-732.020121187185	2	3	2
41300	-734.627919098436	3	3	3
41400	-733.81907664539	3	3	1
41500	-726.9419169009	1	2	1
41600	-725.098119587926	2	2	1
41700	-726.698521663415	1	2	1
41800	-729.240455663844	3	1	3
41900	-738.283113719081	2	5	2
42000	-722.402885782221	2	2	1
42100	-729.067551258137	1	3	0
42200	-730.687246661733	1	2	2
42300	-729.731776181507	3	3	0
42400	-728.124630050747	1	2	0
42500	-730.352288714503	3	2	0
42600	-731.947738990385	3	4	1
42700	-731.41920489528	3	1	3
42800	-736.66141573786	4	2	1
42900	-734.156180510621	1	5	1
43000	-724.704687649694	2	1	2
43100	-735.119118844221	3	3	1
43200	-733.622402187096	4	2	0
43300	-732.774905452985	4	3	1
43400	-732.759087351228	1	5	0
43500	-730.118529035096	2	3	0
43600	-725.56614986936	1	3	1
43700	-729.013218500781	3	2	1
43800	-735.68316184528	2	5	1
43900	-728.479672951553	3	2	0
44000	-730.370962247014	3	3	1
44100	-742.679548249233	4	5	1
44200	-733.881044452276	5	2	1
44300	-728.631994727703	3	2	1
44400	-744.03994995792	5	3	0
44500	-726.778551775774	2	3	0
44600	-731.506356008013	4	2	1
44700	-736.470023930164	4	3	1
44800	-737.427924685563	5	3	1
44900	-736.083125781142	3	4	0
45000	-731.577636674229	4	2	2
45100	-724.850312507764	2	3	1
45200	-726.147998722412	1	3	1
45300	-734.910089123406	2	4	1
45400	-733.334208108774	5	1	0
45500	-724.785670665753	3	1	0
45600	-725.241856753265	1	2	1
45700	-748.137309725933	6	5	2
45800	-747.954988298443	4	6	1
45900	-738.863987635836	3	3	2
46000	-729.786240176744	4	2	0
46100	-737.579101512406	3	4	1
46200	-742.368583346575	4	3	1
46300	-727.802788683309	2	1	0
46400	-737.430091655572	4	2	1
46500	-735.315309917554	4	3	2
46600	-728.299823885418	3	1	0
46700	-730.640771184509	4	2	0
46800	-731.298499543793	3	2	0
46900	-731.4923666294	2	4	1
47000	-731.465479882579	3	2	2
47100	-740.910417697323	4	4	0
47200	-736.160126463122	5	2	0
47300	-730.478849755703	2	3	1
47400	-733.192396661629	4	2	0
47500	-738.219605031635	6	2	0
47600	-735.252164054314	1	5	1
47700	-736.307364192004	3	4	1
47800	-743.602455549644	5	4	0
47900	-740.048451200331	3	5	0
48000	-726.595547345713	2	2	1
48100	-729.808659098333	2	2	0
48200	-737.70447478368	3	4	1
48300	-744.630417867809	4	4	0
48400	-731.280798925536	3	2	0
48500	-728.496215317886	1	3	0
48600	-733.464068727711	3	3	2
48700	-729.676292740652	3	3	1
48800	-730.327248259491	2	4	0
48900	-728.424666496315	2	3	0
49000	-730.479727259637	2	3	1
49100	-725.88816134843	1	1	2
49200	-723.326602242742	1	2	0
49300	-726.639912179552	1	2	0
49400	-724.580253566855	2	2	0
49500	-732.581711974535	2	4	0
49600	-730.887453630072	3	2	0
49700	-743.077384525909	7	2	1
49800	-726.164806627264	1	2	2
49900	-729.702684375143	2	1	0
50000	-728.796923186063	2	3	0
50100	-734.716936160168	5	1	1
50200	-727.787086774491	1	3	1
50300	-725.139535938804	1	2	0
50400	-739.693210881174	6	2	1
50500	-731.2821090343	4	3	1
50600	-729.3415551413	2	3	0
50700	-734.585617932554	5	2	1
50800	-743.112287905344	7	4	1
50900	-729.437081887663	2	3	0
51000	-735.221606988688	2	4	0
51100	-726.445506291177	1	2	1
51200	-728.755011917725	2	1	1
51300	-728.706814005468	1	2	1
51400	-733.394531064885	1	5	0
51500	-732.640091425055	3	1	2
51600	-731.357776778257	4	2	2
51700	-735.461501840652	3	3	0
51800	-741.63379282963	4	3	1
51900	-737.062497881126	4	2	1
52000	-743.247598983738	4	5	0
52100	-727.825232880524	1	3	0
52200	-733.10327936047	2	4	1
52300	-724.243853780006	2	2	0
52400	-741.18522358837	3	5	1
52500	-737.371946534108	3	5	0
52600	-730.951715366284	4	2	0
52700	-729.078781393579	3	2	0
52800	-732.332263099273	4	3	0
52900	-724.067794581985	1	2	1
53000	-734.36698633033	3	4	0
53100	-741.339673949156	4	5	0
53200	-728.496519901185	3	2	0
53300	-733.586751731057	2	4	0
53400	-741.821057927921	5	3	2
53500	-724.215991353953	2	2	0
53600	-734.931100804574	5	2	0
53700	-726.691451013711	3	1	0
53800	-734.150202407939	4	2	1
53900	-743.063679034101	4	5	0
54000	-739.390935510661	5	3	1
54100	-729.34371710141	3	2	0
54200	-735.741923557736	5	3	0
54300	-733.678048707468	6	1	1
54400	-733.909983663565	2	4	0
54500	-726.00842219637	2	1	0
54600	-731.533912462222	2	4	0
54700	-729.341878236895	1	4	0
54800	-724.487994434113	1	2	1
54900	-729.675016758686	3	2	0
55000	-739.288525998914	5	2	1
55100	-723.771822385401	1	1	0
55200	-727.437473444161	1	3	0
55300	-725.499113635899	1	3	0
55400	-734.977254595469	4	3	1
55500	-730.987939836341	3	3	0
55600	-723.702271503077	2	2	0
55700	-733.316714126291	4	2	0
55800	-729.695582313193	2	3	0
55900	-729.932721392466	2	2	0
56000	-741.592201959389	5	3	0
56100	-734.263543344941	4	1	0
56200	-735.226212565877	2	4	1
56300	-737.866435407236	4	4	0
56400	-726.57393641552	3	1	0
56500	-730.268514984821	4	1	2
56600	-739.95014809056	3	5	3
56700	-729.474724321765	3	1	3
56800	-734.558905418956	1	3	3
56900	-731.895515826009	4	2	1
57000	-736.980141713306	3	3	2
57100	-735.732701324555	2	5	2
57200	-723.857916486912	2	2	0
57300	-724.232211898144	2	2	0
57400	-724.747193649295	2	2	0
57500	-733.749663716212	4	1	2
57600	-731.277150818908	2	3	4
57700	-727.819558713013	3	1	1
57800	-725.968184268838	2	1	0
57900	-732.861343238273	3	3	2
58000	-729.612248540503	3	2	1
58100	-729.255960020058	1	4	1
58200	-730.20911952071	3	3	0
58300	-726.425067846989	2	3	1
58400	-742.686745717953	5	5	1
58500	-731.37570314718	3	3	1
58600	-732.265658716715	3	3	0
58700	-731.708820408795	4	2	2
58800	-727.837234274713	3	3	2
58900	-728.014794070488	1	3	0
59000	-723.747258627881	1	2	0
59100	-727.799326570792	2	3	1
59200	-731.430342689069	3	3	0
59300	-723.934977700133	1	2	0
59400	-735.551851627167	2	4	1
59500	-742.957418861987	3	5	0
59600	-723.771858386652	1	2	1
59700	-740.15036880082	5	4	1
59800	-730.452307489007	3	2	1
59900	-726.250063971241	1	3	0
60000	-735.183576973224	1	5	0
60100	-742.324321162832	6	3	1
60200	-727.705084973322	3	3	0
60300	-735.059895270006	5	3	1
60400	-729.870849488698	3	2	1
60500	-724.178146027602	2	2	0
60600	-731.756313585114	3	3	1
60700	-734.648151615912	3	4	0
60800	-738.212880870852	2	5	0
60900	-734.445084781426	3	3	2
61000	-733.605482150799	2	4	0
61100	-745.860714334541	6	4	0
61200	-733.381477549382	4	2	1
61300	-740.505149347432	5	3	0
61400	-729.143002240841	1	3	0
61500	-728.803199005318	1	4	0
61600	-736.016373443997	3	4	2
61700	-741.041342800567	5	4	1
61800	-730.428581440079	1	3	0
61900	-745.83358866123	7	2	0
62000	-728.901540732021	3	1	0
62100	-726.563292427587	3	2	1
62200	-734.41692676071	3	4	0
62300	-741.227989369102	3	6	1
62400	-731.08473270442	4	2	0
62500	-744.878265548489	3	7	1
62600	-740.545576661103	3	6	1
62700	-733.893358630753	4	2	1
62800	-727.290216486159	1	3	0
62900	-734.458282930486	4	2	3
63000	-746.380973653837	3	7	0
63100	-738.092202330501	5	3	1
63200	-733.024625090791	3	1	2
63300	-739.578782434267	5	3	1
63400	-736.512640648339	2	5	0
63500	-724.289150440868	1	1	2
63600	-730.701778651801	3	3	1
63700	-733.504198935244	3	4	3
63800	-733.450358892429	3	3	0
63900	-733.016461250814	3	3	3
64000	-722.559545603914	1	2	1
64100	-733.785095885337	3	4	0
64200	-731.240930663241	1	4	1
64300	-731.983955741567	4	3	0
64400	-729.602500738697	1	2	2
64500	-733.284108627285	3	2	3
64600	-735.940673182252	3	3	0
64700	-727.050023688351	2	1	1
64800	-736.846350665133	1	5	0
64900	-735.363794087035	3	4	1
65000	-736.38152807079	2	3	1
65100	-725.365712374477	2	2	1
65200	-734.265959601905	2	4	0
65300	-727.728254975348	1	4	1
65400	-734.836973157868	4	3	0
65500	-732.271039824637	2	4	0
65600	-729.267135580977	1	3	1
65700	-727.409943204749	3	2	1
65800	-732.492724296298	3	3	0
65900	-731.971146516187	4	3	0
66000	-736.129794766121	6	1	2
66100	-733.759085549434	3	3	0
66200	-739.731854780135	4	4	0
66300	-730.769912899095	3	2	1
66400	-736.402278273156	2	3	1
66500	-732.241169654764	1	4	0
66600	-733.954556904073	3	3	1
66700	-734.214848386329	2	5	0
66800	-732.115047307668	3	4	2
66900	-742.724636661365	4	5	1
67000	-741.926238894367	2	7	0
67100	-724.129801231787	1	1	0
67200	-733.257942863898	4	3	1
67300	-730.118186272134	4	2	1
67400	-729.43882213656	4	1	1
67500	-737.113272838122	4	3	1
67600	-726.265410455561	3	1	2
67700	-735.779510763153	4	3	3
67800	-740.569219214879	6	2	2
67900	-734.767391734831	3	4	1
68000	-724.709882094555	3	2	1
68100	-725.880454606248	1	3	0
68200	-727.262406993044	2	2	0
68300	-732.553141887081	1	5	0
68400	-737.082978678941	5	1	1
68500	-740.936971734889	5	4	1
68600	-726.522094589967	2	2	0
68700	-730.22611268523	2	4	0
68800	-740.024976744622	3	6	1
68900	-729.512757610666	3	2	1
69000	-731.907916734214	4	1	0
69100	-745.781546850026	5	3	1
69200	-730.499409673975	2	3	0
69300	-726.426635441105	4	1	1
69400	-725.302093694019	1	2	0
69500	-733.154706490404	2	4	0
69600	-742.290378877928	7	1	1
69700	-730.962097342523	3	3	0
69800	-739.749153554496	6	3	1
69900	-723.559533199547	2	1	0
70000	-742.480924931184	6	3	1
70100	-728.058671823461	4	2	0
70200	-738.706532207094	3	5	0
70300	-730.063948569861	1	4	0
70400	-734.915623845486	6	2	0
70500	-729.669577102139	2	3	1
70600	-730.074725457871	2	3	1
70700	-736.854575292939	3	4	1
70800	-737.569318539203	2	4	1
70900	-736.037827681488	3	2	2
71000	-733.718811618794	2	4	2
71100	-745.374795219105	7	2	3
71200	-734.031009154638	4	3	1
71300	-729.75695161632	2	3	0
71400	-728.384331035802	4	1	0
71500	-727.339612486794	2	1	1
71600	-738.892235185819	5	2	2
71700	-740.325034725615	4	5	0
71800	-743.261788958329	5	4	2
71900	-729.113527935935	3	2	0
72000	-725.468355093181	2	2	0
72100	-748.508226514594	5	6	1
72200	-729.988600004337	2	3	0
72300	-736.437841520016	4	4	1
72400	-728.271667330191	2	2	1
72500	-732.717347836256	3	2	0
72600	-728.494625333517	1	3	0
72700	-733.272542164915	3	3	0
72800	-737.438622717984	4	4	0
72900	-729.110579762946	1	3	1
73000	-744.145423077847	7	1	2
73100	-724.829886768592	3	2	0
73200	-733.353861160822	3	3	1
73300	-745.68837223163	3	7	1
73400	-737.155450654147	5	2	1
73500	-737.944868180199	2	5	1
73600	-731.006506378758	4	1	0
73700	-731.056938169616	3	3	0
73800	-733.401888940426	2	5	1
73900	-724.138361729251	2	2	1
74000	-735.903955632589	4	2	1
74100	-738.587774010724	4	4	1
74200	-739.605479420248	3	5	0
74300	-727.347359956307	4	1	1
74400	-732.875777700937	4	1	3
74500	-725.277308020457	2	2	0
74600	-726.335207433583	2	2	0
74700	-729.475283882562	3	3	1
74800	-730.420595740958	4	1	0
74900	-738.684302321086	4	5	1
75000	-736.165051128663	4	3	2
75100	-722.930547888878	2	1	0
75200	-730.620527141738	3	2	1
75300	-735.708674630382	5	3	0
75400	-726.341647844974	3	1	1
75500	-730.051676574682	3	3	0
75600	-732.25967961957	3	3	0
75700	-729.35820312491	3	2	0
75800	-734.408193049647	2	5	1
75900	-732.652303719949	3	3	1
76000	-736.215480064885	3	4	0
76100	-735.964223922278	2	4	0
76200	-729.497207384608	2	3	0
76300	-741.236311686313	4	4	2
76400	-737.908536417934	4	4	1
76500	-729.386587610693	3	2	2
76600	-739.410661112611	5	4	1
76700	-724.977751066156	1	3	2
76800	-727.674297219867	2	3	1
76900	-734.918222047094	4	1	1
77000	-731.224342599869	4	2	1
77100	-734.266556362723	6	1	1
77200	-726.072441210823	1	2	1
77300	-727.191833435775	2	2	0
77400	-739.872274317593	5	4	0
77500	-731.075917657728	4	1	0
77600	-733.380442138818	5	2	1
77700	-733.999679892642	4	3	0
77800	-729.853567450721	4	2	0
77900	-729.091488274104	3	1	0
78000	-731.596959714344	3	3	0
78100	-735.117567751135	4	1	2
78200	-725.745073089819	1	3	1
78300	-737.554386716691	3	5	0
78400	-732.823558709095	3	3	1
78500	-734.155970418542	1	5	0
78600	-722.521401808559	1	1	1
78700	-724.314586608894	1	1	0
78800	-736.780649640426	4	2	0
78900	-732.917613794817	2	3	1
79000	-727.900229036783	2	3	0
79100	-728.696410912332	4	1	0
79200	-735.037033069066	4	3	1
79300	-730.887908491248	3	3	0
79400	-735.439967052285	3	4	0
79500	-743.716750582989	3	6	0
79600	-732.335351303492	3	4	1
79700	-736.188533209886	4	4	0
79800	-735.965594464332	2	5	1
79900	-734.552184658029	2	5	0
80000	-748.867063098396	5	5	2
80100	-724.885249250189	1	2	0
80200	-735.247679862448	3	4	0
80300	-730.180507359794	3	2	2
80400	-730.743767775105	4	2	1
80500	-728.35355552401	2	3	2
80600	-729.712655070998	4	1	0
80700	-727.826887237185	2	2	1
80800	-741.813325869382	4	5	3
80900	-735.944716119291	1	6	0
81000	-732.607831837703	3	2	0
81100	-732.28871982274	4	2	0
81200	-733.122993954387	3	4	0
81300	-731.747047986222	2	4	1
81400	-732.331517917062	3	3	2
81500	-724.796440707634	3	1	1
81600	-736.75668575199	2	5	0
81700	-746.415134342052	2	8	1
81800	-729.499521660385	1	4	0
81900	-731.331734144348	3	3	0
82000	-736.043221867824	4	1	3
82100	-733.965446289439	5	2	1
82200	-726.959625334033	3	2	1
82300	-728.94056173918	2	2	0
82400	-723.758414216152	1	1	0
82500	-732.361503412431	2	4	0
82600	-737.015522026126	5	3	2
82700	-731.388217496471	3	2	0
82800	-741.613279827656	5	4	0
82900	-741.540144819004	3	6	1
83000	-729.221423156732	1	4	0
83100	-729.240467694437	4	1	0
83200	-728.938719419392	3	3	0
83300	-738.395948948523	7	1	0
83400	-736.800986608622	4	3	0
83500	-727.713661023522	2	3	0
83600	-732.711133603011	4	2	1
83700	-741.460449069707	6	2	2
83800	-730.291290498959	4	2	1
83900	-741.734344960097	3	6	2
84000	-729.745099553554	2	3	0
84100	-733.916059111561	4	2	0
84200	-726.705833419652	2	2	0
84300	-747.155380878439	6	4	1
84400	-737.132649301084	5	1	1
84500	-728.461859722712	1	3	1
84600	-728.08859969106	3	2	3
84700	-735.408618928028	3	4	0
84800	-743.65588783189	4	4	1
84900	-730.327640145977	2	3	2
85000	-739.029217608452	4	4	1
85100	-722.890761041052	1	2	1
85200	-734.604466007503	2	4	2
85300	-730.435484777179	2	4	1
85400	-734.685364150172	6	2	0
85500	-729.919462342072	2	3	2
85600	-728.870956358693	2	2	1
85700	-734.755380594702	2	3	0
85800	-735.373627218355	3	2	2
85900	-722.225288308517	2	1	0
86000	-725.381926406566	2	2	1
86100	-734.626374929284	4	1	1
86200	-726.414620596477	3	1	0
86300	-722.126529003348	2	1	0
86400	-739.715710155633	4	3	1
86500	-728.790001234692	1	2	0
86600	-727.078656010709	1	1	1
86700	-732.269701883304	5	2	0
86800	-726.129038539827	3	2	0
86900	-730.834172150336	4	2	1
87000	-728.555867110817	1	2	1
87100	-737.380026401751	5	2	1
87200	-732.515066514654	3	3	0
87300	-762.313132746287	7	7	1
87400	-738.585900707629	5	3	1
87500	-724.172516530306	2	1	0
87600	-730.144575908038	3	2	1
87700	-733.095452862792	1	4	0
87800	-738.275751625676	4	4	0
87900	-727.843601040287	1	2	0
88000	-736.644132189749	4	3	0
88100	-727.861169839183	3	2	1
88200	-732.162041200651	3	3	0
88300	-732.173750743305	2	4	0
88400	-730.569651839753	3	2	0
88500	-733.272372824638	2	2	2
88600	-735.510281792325	4	2	0
88700	-737.567255256611	5	4	1
88800	-746.247835328097	5	5	1
88900	-730.306165526074	4	2	0
89000	-730.331557862386	3	2	2
89100	-728.246199417358	3	2	0
89200	-728.484139440372	3	1	2
89300	-735.835307417262	3	3	3
89400	-728.818245268226	2	3	1
89500	-734.806373376824	3	4	1
89600	-758.964265164914	2	9	1
89700	-726.725355482285	3	2	0
89800	-730.308200808751	3	2	0
89900	-727.850808246424	2	2	0
90000	-734.448091735341	2	5	1
90100	-737.034900529901	6	2	0
90200	-734.713349946929	4	4	0
90300	-736.161814967368	2	4	2
90400	-737.438447591078	1	5	0
90500	-734.742890843881	3	4	1
90600	-747.539596064492	4	5	2
90700	-727.78891632192	3	1	0
90800	-733.130333698076	4	2	0
90900	-732.758906727243	5	1	1
91000	-727.240415934716	3	2	0
91100	-727.860813444138	4	1	1
91200	-725.643924041635	1	1	0
91300	-735.13438380365	2	3	2
91400	-728.318353198873	1	3	1
91500	-749.37643947381	5	6	1
91600	-732.088735900444	3	3	1
91700	-727.459665721421	4	1	1
91800	-732.992856962188	3	3	1
91900	-737.132453770375	4	3	2
92000	-727.306123886576	4	1	0
92100	-739.525756586803	4	4	1
92200	-734.77244270073	5	1	1
92300	-724.464624423009	1	1	0
92400	-726.015681209548	3	2	0
92500	-730.894786488437	3	1	4
92600	-728.122799858732	3	1	2
92700	-735.826564319094	5	2	1
92800	-725.798823742153	1	3	1
92900	-729.839937559628	2	3	0
93000	-727.94100659768	1	3	1
93100	-733.313620073794	4	3	1
93200	-736.834549441517	5	2	1
93300	-736.646800742926	5	2	0
93400	-733.734619213433	3	2	0
93500	-730.327534590779	2	3	1
93600	-729.876978651436	3	3	1
93700	-733.577502185609	4	3	0
93800	-741.618667674269	4	4	2
93900	-741.403925861117	3	5	1
94000	-731.053257831045	2	3	2
94100	-729.730085261705	3	2	1
94200	-731.06983794455	3	2	0
94300	-739.766014462452	4	5	0
94400	-727.018423326847	2	2	0
94500	-731.816308886018	4	1	0
94600	-727.781067450224	2	1	2
94700	-745.143101114694	7	3	0
94800	-730.360800411113	3	2	2
94900	-737.966487468677	5	3	0
95000	-724.605509818404	2	2	0
95100	-743.470909602686	4	2	3
95200	-740.48365133897	6	3	0
95300	-730.918631206641	3	2	1
95400	-734.431827937194	3	4	1
95500	-734.620415170328	3	3	2
95600	-738.877454458475	4	4	1
95700	-734.586073578802	5	1	2
95800	-726.650709244692	2	1	4
95900	-732.39053989682	4	2	2
96000	-736.62926187521	4	3	3
96100	-734.369338423887	3	2	3
96200	-728.866400895602	2	3	0
96300	-726.332795707824	2	2	0
96400	-729.039883634039	2	3	0
96500	-723.454113508787	1	2	0
96600	-726.261438130355	3	1	1
96700	-733.611673379874	2	4	1
96800	-733.729390322938	5	2	1
96900	-727.964980959377	3	2	0
97000	-731.829936306381	4	2	0
97100	-731.091349674776	3	3	0
97200	-729.226502227665	1	4	1
97300	-727.775350174888	2	3	0
97400	-728.133957429093	3	1	0
97500	-731.691366675624	2	3	1
97600	-730.950543151014	3	3	0
97700	-729.006693780031	2	3	0
97800	-731.419926032607	5	1	0
97900	-739.34834145473	4	3	1
98000	-731.230352514895	3	3	1
98100	-728.140500360524	4	1	2
98200	-737.353474076429	6	2	1
98300	-731.652244202551	3	2	0
98400	-726.948321631997	2	3	0
98500	-735.070915194573	3	5	0
98600	-742.319635194455	3	6	0
98700	-733.207830809711	5	1	1
98800	-736.387864480372	5	1	3
98900	-738.534713050621	6	2	0
99000	-726.576669539033	1	3	0
99100	-736.697882038833	3	4	0
99200	-728.186869265946	2	2	0
99300	-730.393638652066	2	4	1
99400	-736.257831968806	1	6	0
99500	-732.090435607683	2	3	1
99600	-728.620380861914	3	3	0
99700	-733.763823341898	3	4	1
99800	-736.486880763745	2	4	2
99900	-735.767931926001	3	5	1
1e+05	-734.439014487843	3	4	0
100100	-744.550047038638	6	4	0
100200	-732.274343326751	3	3	2
100300	-736.269980666441	3	4	1
100400	-744.286501865024	6	3	1
100500	-726.617196903219	2	2	2
100600	-730.374413717982	2	3	0
100700	-726.43456283232	1	3	0
100800	-725.655859719432	1	3	0
100900	-731.337709868415	3	2	0
101000	-728.081726676419	3	1	0
101100	-723.820223746543	2	1	0
101200	-740.263789777133	5	3	0
101300	-731.268214234929	4	3	3
101400	-726.931431743213	3	2	1
101500	-739.09887642997	6	2	1
101600	-731.066551447149	2	3	2
101700	-723.589578157401	2	1	0
101800	-730.688854312933	3	3	0
101900	-730.667688317589	4	2	0
102000	-740.404621914648	2	6	0
102100	-736.102797434736	3	4	1
102200	-729.594368526191	4	2	1
102300	-744.952336974558	4	4	0
102400	-739.712957646552	5	3	2
102500	-738.227844793683	5	3	0
102600	-734.87866806893	4	2	2
102700	-726.163378868643	3	2	0
102800	-733.272824906863	3	4	1
102900	-736.985540313243	3	2	0
103000	-737.456691545537	5	3	1
103100	-729.015282566036	3	1	1
103200	-730.710410943038	3	3	1
103300	-732.288608089868	2	4	0
103400	-745.981549076126	5	5	0
103500	-731.467062823813	2	3	2
103600	-731.735142651469	4	2	2
103700	-740.054021758849	3	4	0
103800	-739.455723748376	3	5	1
103900	-742.727706224881	6	4	1
104000	-742.725971847977	6	1	2
104100	-729.750801905101	3	2	1
104200	-735.27466250517	5	2	3
104300	-734.894952686019	5	2	0
104400	-737.852756034101	6	1	2
104500	-722.39951212661	1	1	1
104600	-741.805591830332	4	5	0
104700	-733.265471461513	4	3	0
104800	-732.014132108987	4	2	1
104900	-751.426491307062	9	2	1
105000	-727.242562936815	2	3	0
105100	-734.524012501429	3	4	0
105200	-724.347842208789	2	2	1
105300	-725.362585282507	1	2	1
105400	-740.547084224026	5	3	0
105500	-740.912322170307	3	4	2
105600	-729.037310068504	3	2	0
105700	-734.228670817466	5	1	0
105800	-732.667939143987	4	2	1
105900	-729.288808517199	4	2	1
106000	-739.325685394905	4	3	1
106100	-730.936271494126	5	1	1
106200	-727.887993285834	3	1	1
106300	-737.400269018425	1	6	1
106400	-735.436296969985	3	3	0
106500	-742.414977122479	6	3	1
106600	-740.572242750418	4	5	1
106700	-735.37335434647	1	5	1
106800	-724.967319804071	1	2	0
106900	-727.176896642439	3	2	0
107000	-737.400721757472	2	3	0
107100	-730.533301753686	2	2	1
107200	-729.33859619566	2	3	0
107300	-729.92071263239	5	2	0
107400	-725.759730616898	3	1	1
107500	-725.740257126334	1	2	0
107600	-728.984892302379	2	4	0
107700	-734.221246361593	3	4	0
107800	-736.990230919506	3	4	2
107900	-733.351558958903	3	2	0
108000	-731.864813363145	3	3	1
108100	-737.787196681696	3	4	2
108200	-735.695356467832	5	2	2
108300	-734.950993161763	3	3	2
108400	-730.439698209727	2	3	0
108500	-733.177348145439	2	4	1
108600	-736.713805975566	4	4	1
108700	-732.09726638669	2	3	1
108800	-731.090034418297	2	3	1
108900	-734.805044068541	4	3	0
109000	-732.422708768639	3	2	0
109100	-727.883411143683	3	2	1
109200	-731.396329397441	5	1	0
109300	-727.694343842375	2	2	0
109400	-738.979818840645	3	4	1
109500	-740.430595593492	6	3	0
109600	-734.9769758981	2	5	1
109700	-735.239622963163	4	2	0
109800	-726.493262814848	2	2	1
109900	-728.660454767457	1	2	0
110000	-728.932435579554	1	4	0
110100	-749.592685988578	7	4	0
110200	-724.990603306367	3	1	0
110300	-725.441117021639	3	1	1
110400	-726.762118642379	2	3	0
110500	-731.778771371378	3	2	0
110600	-737.050348934185	4	3	1
110700	-740.304155366416	4	3	1
110800	-732.40844653417	2	3	1
110900	-731.894806480188	4	1	0
111000	-729.708212597968	3	2	0
111100	-733.369144782421	5	1	1
111200	-725.470445904453	2	2	0
111300	-727.646529289527	3	1	2
111400	-732.6712127661	1	4	0
111500	-728.359914534568	2	2	1
111600	-745.722999723317	5	2	1
111700	-734.111930646784	2	4	0
111800	-725.329553752999	3	1	0
111900	-741.519731156459	5	4	1
112000	-735.52935361351	4	2	0
112100	-727.730710116532	2	3	1
112200	-731.074409280693	3	1	2
112300	-741.868701484571	3	5	1
112400	-734.350083071116	2	3	1
112500	-735.590413526429	4	3	0
112600	-730.535032121212	2	4	0
112700	-743.456180963142	2	7	1
112800	-743.373648667393	3	5	2
112900	-737.610848380696	3	4	1
113000	-730.275300140246	4	2	1
113100	-733.372213056248	2	3	3
113200	-733.209216631795	4	3	0
113300	-733.387608433645	4	3	1
113400	-728.658090154778	3	3	0
113500	-730.781834443519	1	4	0
113600	-746.504310676731	4	5	2
113700	-731.530330005074	2	4	0
113800	-729.783265863268	2	3	2
113900	-728.943845396257	3	1	1
114000	-722.575717798831	1	2	0
114100	-730.825260403897	3	2	0
114200	-731.154556528238	4	2	1
114300	-728.055863297621	2	3	0
114400	-738.016826439154	4	4	1
114500	-725.459588190275	3	1	2
114600	-736.372399886804	4	2	2
114700	-738.52950203113	2	5	0
114800	-726.383605592134	2	1	1
114900	-743.353910300571	6	3	0
115000	-730.38628059721	3	3	2
115100	-739.251553723525	5	3	0
115200	-730.251034336761	3	3	0
115300	-728.175236368824	1	3	0
115400	-728.837141902677	3	2	0
115500	-738.783494991081	2	6	0
115600	-732.548803449793	4	1	2
115700	-743.37897877849	5	3	2
115800	-727.760147985044	2	2	0
115900	-739.275533457002	4	2	0
116000	-729.932642867711	3	2	2
116100	-736.617305376244	1	5	0
116200	-734.321285415349	4	3	0
116300	-745.574905116581	6	4	1
116400	-733.993183131482	2	4	1
116500	-748.871054719301	7	4	1
116600	-725.854954301856	3	1	1
116700	-735.491305587032	4	3	0
116800	-728.048365062875	3	2	1
116900	-741.468897740117	6	2	1
117000	-729.755682178773	3	3	0
117100	-728.37146537025	1	1	2
117200	-740.97495592902	2	6	1
117300	-732.179320379636	2	4	1
117400	-732.273274044759	3	3	0
117500	-733.169040568047	5	1	2
117600	-736.443080979707	1	5	1
117700	-729.231194262393	2	1	0
117800	-731.735616372649	3	2	0
117900	-728.472070886829	2	3	0
118000	-739.525038406941	3	5	0
118100	-724.985830776048	1	2	1
118200	-738.175392135851	2	4	1
118300	-724.428282098282	3	1	1
118400	-728.382606720053	4	1	0
118500	-725.440597303348	3	1	2
118600	-742.594567466767	5	4	1
118700	-741.973006430784	5	4	1
118800	-738.41755530283	2	6	1
118900	-731.090182017636	2	3	0
119000	-730.003706616808	4	2	1
119100	-724.815490153849	2	2	1
119200	-730.381537135428	2	3	0
119300	-729.937336203727	3	3	1
119400	-723.234976187331	1	1	1
119500	-741.399225401361	7	1	1
119600	-743.085825245723	5	3	0
119700	-731.972752243923	2	2	1
119800	-740.290827870398	5	3	2
119900	-739.221594310073	3	5	1
120000	-746.409553754546	3	5	1
120100	-739.577151932749	4	3	2
120200	-735.028058673051	2	5	0
120300	-742.825578443473	2	6	1
120400	-735.05998756012	2	4	1
120500	-731.336660759286	3	3	0
120600	-740.263335437304	2	6	1
120700	-743.307708304735	1	7	1
120800	-731.470517823974	3	3	2
120900	-739.25482386692	6	2	0
121000	-733.3981997357	3	4	1
121100	-736.365530199644	2	5	0
121200	-735.781406159667	3	4	0
121300	-731.997237800944	5	2	0
121400	-742.23545539115	6	3	3
121500	-731.986608169808	5	1	1
121600	-729.853451666545	2	3	1
121700	-742.206632855334	4	3	0
121800	-739.700505036796	4	3	0
121900	-752.893776274869	3	7	1
122000	-728.465232526973	2	2	1
122100	-732.944273019351	2	3	0
122200	-727.27487705575	1	2	0
122300	-726.646193133545	2	2	0
122400	-722.207248316872	1	2	0
122500	-725.775494497157	3	1	0
122600	-732.506649211044	3	3	0
122700	-733.828579373333	3	3	2
122800	-725.736415534156	2	2	0
122900	-731.212634784988	4	2	0
123000	-729.695673196551	1	3	1
123100	-740.624757877062	6	1	1
123200	-725.073958551736	3	1	0
123300	-727.690386531945	1	3	0
123400	-727.102067958566	5	1	1
123500	-729.275053461296	2	2	0
123600	-725.250815286081	2	2	1
123700	-740.708749324912	3	5	2
123800	-733.059094283904	2	3	1
123900	-725.485842986555	3	1	2
124000	-738.793459985683	5	4	0
124100	-727.931717321449	2	3	2
124200	-732.649229627558	2	4	0
124300	-728.449199899176	3	3	0
124400	-724.06521967282	1	2	1
124500	-733.508928437562	1	4	2
124600	-735.034552361505	3	4	1
124700	-728.641219386773	2	3	1
124800	-727.757935573543	3	2	1
124900	-730.716810319536	3	3	0
125000	-736.381965283487	4	3	1
125100	-746.131218917232	6	4	1
125200	-750.063436066553	5	6	2
125300	-728.659774497816	3	1	1
125400	-737.616546271794	2	6	0
125500	-734.83315688507	5	3	0
125600	-726.79821508689	2	3	0
125700	-734.907969034985	3	3	1
125800	-724.727283826108	1	3	2
125900	-739.047560661092	5	4	1
126000	-725.77960327116	2	2	1
126100	-728.73791185908	1	3	0
126200	-727.350641616138	2	2	1
126300	-733.519347050838	2	4	0
126400	-735.152484479284	3	4	0
126500	-730.660165614138	3	3	0
126600	-730.317313529301	4	2	0
126700	-748.047773429621	7	3	2
126800	-734.459878519291	4	3	2
126900	-730.744988648004	2	3	0
127000	-741.587337178882	5	4	1
127100	-742.787905447802	3	6	0
127200	-737.364243490594	5	3	0
127300	-731.071058437012	1	3	1
127400	-725.276376493811	3	1	1
127500	-728.961609314973	1	4	0
127600	-728.490867337195	2	3	0
127700	-743.397390059817	3	6	1
127800	-746.781323889046	7	2	1
127900	-728.834024415562	2	3	0
128000	-730.300654287929	3	2	1
128100	-733.858800148865	2	4	1
128200	-732.869785737943	2	3	0
128300	-738.909804149253	2	5	0
128400	-739.224448983256	6	2	2
128500	-732.692007096153	3	3	1
128600	-726.691359659756	1	2	0
128700	-732.495800563473	2	4	1
128800	-735.00466649105	2	3	2
128900	-732.697532116765	4	1	0
129000	-740.175837720487	4	2	3
129100	-724.443019928377	2	1	0
129200	-733.793262981618	4	2	0
129300	-746.838534102933	4	6	1
129400	-737.066839126079	3	5	1
129500	-728.616284382725	3	1	1
129600	-725.746437662595	3	1	1
129700	-736.819522771392	5	3	0
129800	-734.176093626424	2	4	1
129900	-733.197072194645	3	2	0
130000	-729.818257354117	2	2	1
130100	-736.569677959265	4	4	0
130200	-728.872907471975	4	1	0
130300	-728.428139711258	2	3	0
130400	-740.863802914747	3	5	1
130500	-730.558859286088	4	2	2
130600	-733.828488192208	4	3	1
130700	-725.993086106308	3	1	0
130800	-734.736389661692	5	2	1
130900	-729.257561988789	4	2	0
131000	-728.20423197935	2	3	0
131100	-731.107257355961	1	4	0
131200	-736.348038782983	3	4	0
131300	-731.762192653345	1	3	1
131400	-727.443830228453	1	2	0
131500	-733.525955060865	2	5	0
131600	-733.720713590447	5	2	1
131700	-727.826856634925	3	2	0
131800	-748.537247755795	3	6	3
131900	-726.751807586129	3	2	1
132000	-725.952360173341	2	1	1
132100	-733.115639419777	2	4	0
132200	-726.175232905511	1	3	0
132300	-738.828883235853	5	4	1
132400	-732.263489874847	1	4	0
132500	-734.899771954912	1	5	1
132600	-733.224534685401	3	3	2
132700	-746.848830280113	6	4	0
132800	-724.780000632261	2	1	0
132900	-729.71891997597	4	1	1
133000	-730.50696115874	2	3	0
133100	-730.182488230383	2	2	0
133200	-728.797404811984	3	2	0
133300	-725.260647170107	2	2	0
133400	-730.900274156784	4	2	0
133500	-731.758738268074	2	4	1
133600	-733.505563219457	4	1	1
133700	-735.758090357153	4	2	1
133800	-746.074211866468	8	1	0
133900	-737.854646060802	6	3	1
134000	-731.938842598633	1	4	1
134100	-731.00973654718	2	4	0
134200	-722.446573192149	2	1	0
134300	-726.066351780627	1	2	1
134400	-723.017331390617	1	2	0
134500	-726.415668123727	2	2	1
134600	-730.665780288356	3	3	0
134700	-736.36013506228	5	3	0
134800	-731.24647439633	3	2	1
134900	-729.01267557359	5	1	0
135000	-722.764393711648	1	2	1
135100	-730.478623774356	2	3	2
135200	-754.156980760239	7	5	1
135300	-748.536017746658	3	7	0
135400	-729.254292880763	3	1	1
135500	-730.839534762466	2	3	0
135600	-727.769467037058	2	3	2
135700	-726.266099935657	3	1	0
135800	-749.607386677967	2	8	2
135900	-740.684052018801	5	3	0
136000	-741.041676786738	3	4	1
136100	-723.496905314621	2	1	1
136200	-737.33193265766	2	5	0
136300	-733.858064238033	5	2	0
136400	-732.551247406244	4	1	0
136500	-741.002644911318	5	4	2
136600	-729.898634717937	2	3	1
136700	-729.472539668224	1	3	0
136800	-735.002414810306	4	3	0
136900	-725.416967226099	2	1	0
137000	-731.751233985732	3	3	0
137100	-739.795787237675	3	3	3
137200	-724.449981406872	2	2	0
137300	-728.206828732077	2	3	0
137400	-734.870549861666	2	5	2
137500	-736.224303071545	2	5	1
137600	-733.217439176014	3	4	1
137700	-733.270852830541	2	3	0
137800	-726.955504764994	1	2	0
137900	-726.831902414807	1	3	0
138000	-725.250326233088	2	1	0
138100	-729.343585325954	3	3	0
138200	-725.433897526992	1	3	0
138300	-738.774541496405	4	4	1
138400	-731.917487520188	3	3	2
138500	-739.095942160231	3	4	1
138600	-727.486122130467	3	2	1
138700	-729.80063140295	2	3	1
138800	-737.382161146872	5	2	2
138900	-737.938174857779	6	1	1
139000	-722.95143682498	3	1	1
139100	-734.3190705845	3	3	2
139200	-724.982834788296	2	1	0
139300	-745.739412880001	6	4	1
139400	-734.93418317358	1	5	0
139500	-724.420925025695	2	2	0
139600	-730.822704418728	1	3	1
139700	-736.088426489596	4	2	1
139800	-728.385556285081	1	1	1
139900	-748.721582017758	6	4	1
140000	-723.706352322639	1	1	0
140100	-731.305819697733	1	3	1
140200	-742.762836144461	7	2	0
140300	-728.941199368112	1	2	1
140400	-736.156831902355	4	4	2
140500	-733.950239103127	1	4	0
140600	-738.636786823017	6	2	2
140700	-738.142326061723	1	5	1
140800	-727.791813925041	3	2	1
140900	-739.447951094255	3	3	2
141000	-733.836264926948	4	2	0
141100	-726.246044947737	3	2	1
141200	-728.088851954953	2	2	1
141300	-728.470573677124	2	3	1
141400	-743.739532325956	4	5	1
141500	-726.609824668805	2	2	0
141600	-728.582028150426	2	3	0
141700	-727.527316400056	2	3	0
141800	-727.796884575279	2	3	0
141900	-727.967369039179	1	3	2
142000	-732.566979102987	3	3	0
142100	-729.742111686178	3	2	0
142200	-735.037258533232	1	5	0
142300	-737.512435228727	3	4	1
142400	-724.436325053631	2	2	0
142500	-731.316499868019	2	4	0
142600	-737.452079708571	4	4	1
142700	-732.103799670899	3	3	0
142800	-734.320769226878	4	2	0
142900	-754.487438342259	9	4	0
143000	-731.200995905626	3	3	0
143100	-727.389097672896	2	1	2
143200	-729.426124686869	3	2	0
143300	-735.652713045192	2	5	0
143400	-729.051751526252	1	3	1
143500	-735.61533555975	5	2	0
143600	-730.054278741393	2	3	1
143700	-725.761570295568	1	4	1
143800	-729.232755548717	4	2	0
143900	-729.559311729618	3	3	0
144000	-733.854154464339	4	4	0
144100	-736.450209038057	5	3	2
144200	-748.787954525473	8	3	1
144300	-730.276999888812	2	3	1
144400	-745.388825282647	5	3	1
144500	-738.581461779296	5	3	1
144600	-725.24237124275	1	2	1
144700	-725.07366778102	3	1	1
144800	-739.632766237005	6	3	0
144900	-732.08197056467	3	2	0
145000	-734.190982820711	2	3	2
145100	-726.705150831499	2	2	1
145200	-733.626727191872	3	2	1
145300	-731.919721825168	3	2	1
145400	-725.48912675344	2	1	0
145500	-724.973409152011	1	2	1
145600	-738.698676338491	3	4	1
145700	-736.364578854979	4	3	0
145800	-737.553042671616	4	3	0
145900	-744.553509274607	5	3	0
146000	-738.495527425615	3	4	1
146100	-740.215777237811	3	4	2
146200	-727.906559886518	2	2	1
146300	-739.054617530009	2	5	1
146400	-731.521998077502	3	3	0
146500	-747.711146445457	2	7	0
146600	-729.098806765997	3	2	2
146700	-723.333934337762	1	2	0
146800	-743.372589133891	5	4	1
146900	-734.851949436114	6	2	1
147000	-732.912166821389	4	3	0
147100	-730.284004594782	3	2	0
147200	-736.202507327357	5	1	2
147300	-725.357875995025	1	1	1
147400	-732.761523889096	3	3	0
147500	-744.403056810743	6	3	0
147600	-733.495268753259	5	1	0
147700	-734.894051132537	5	2	1
147800	-731.430377842986	3	2	0
147900	-725.392365963601	2	1	0
148000	-734.672260285377	3	2	0
