SpeciationRateChanges
45.04964	52.21531
37.30342	33.96937	54.13206	51.6733
43.47523	55.56575	42.03275
41.59812
13.56689	9.828389
5.073168
33.53035	11.9458	17.6383
15.14846	0.7661747	13.08134
29.40316	19.09534
4.982739	0.002131047	2.442252
55.89251
47.14436	42.65399
45.9983	43.03444	36.63728	8.9917
2.377023
17.06095
4.86635

44.20919	36.19863
36.30007	18.8992	13.5699
55.18609	1.541086	41.92173	39.83991
17.85586	36.19068	3.950667
41.04044
32.03832
3.50379	34.19393
37.06311	16.07875	28.9399
39.34452	55.36272	19.00399
23.77011	13.25489	54.5133
32.43721

13.25772
42.44026
28.79917	42.18091	55.123	25.63308
27.51514	40.00716	39.14006
32.5674	23.08655	31.27447
18.07101	10.17367
34.61752	21.51463	23.69195	55.2073	11.69385	55.1412	18.81192	53.09842
44.9215	24.867	11.06782	35.23414
28.97385	55.34344
12.25225	9.786327
20.76392
31.22782	29.68329

8.116553	36.38526	11.8956	7.863923
40.28952

31.69009	26.98524
32.2565
33.87524

17.51987	55.1287	15.77754
55.50322	52.85821	24.16486	18.69243
54.9265
35.08498	36.02986
8.957453	40.41726
14.58053	9.916219
31.22166	20.83002
40.15159	36.33685	56.04186
55.38034	29.25289	8.50918
19.38898	38.61703	4.510363
23.98655
50.26774	50.7927
45.27609	9.906462
29.81792	27.873	4.767839
31.28978	25.04454
43.75933	39.92194	6.467174

37.46627	0.2707866	34.29734	11.99007	21.68745
37.33703	31.49182	25.95995
31.10038	50.18604
5.333318	24.52092
0.7709976	53.96241	38.91828	8.002795
38.25382	29.25255	32.87891	2.17993
47.21133	53.75393	20.1655	48.74879
54.31891	50.43571
25.4518	50.48175	54.27818
39.62107	21.60571
51.54287	5.314388	40.9838	26.08101
9.637129	7.744064	28.48163	26.44025
28.47653	42.5706
22.58239	52.65937	38.02816	15.34509
40.3631	53.59487	53.05283
15.40082	31.64028

3.134025	43.8826	21.36514	40.03929
43.77174	55.07234	13.62374
28.25156	39.80323
35.74021	55.28389
37.68436	4.005709
12.09421
3.343889
5.278214	55.81176	4.983686
42.08099	21.66249
36.97967	24.36886	29.5801
52.50159	42.0886
25.55509	4.461209
50.71446	55.02168	41.31175	10.81021	28.51128
54.93783	39.97903	21.56214	43.05801	20.52566
35.28517	5.942793	54.70003
41.66032
31.89458	27.76129
47.67168	27.34513	3.316064	2.669383	17.46389
38.05635
41.45376	33.16743
45.55016	39.876
40.20953	29.18485	22.48185
25.71104
24.70761	28.99294	8.514876
54.7379	51.40518	44.93943
42.38815
44.3023	29.33161	38.92915
15.29467	13.79523
5.588339	53.72886
54.88268	2.923567	33.87143
20.89435
18.77008	18.98437
52.22852	8.901305	27.24592	12.27735

23.75935
42.43934	17.12913	55.47452	12.96427	47.27181
44.1449	10.47909	17.52347	54.7776
37.08899

49.80496	55.39592	38.04584	37.25067

54.38893
28.73015	17.46948	24.11749	12.45811	2.491847
24.18185
10.51512
41.07698	7.814117
8.99543

40.42894
40.14971
39.56728

45.51251

33.61679	52.80102
16.94661	21.84744
24.75691	0.07419437
20.98702	25.77777
38.84366	31.83865	26.60245	28.93291
25.00769
42.77871	12.64671	55.24327

3.711214	33.12427	38.69623	1.832137
20.88663
32.4381	47.8146	11.00463	9.94945	19.54159	27.97337
35.84896
9.162298	28.48538
54.90426	45.15235	54.51633	4.477019
54.90426
55.36941	43.96022	1.081724	36.17221	27.10707
55.36941	10.40148
55.32601	24.22082
55.32601
55.32601	3.153702	11.40751
4.50627
33.83006	39.72377	15.87327
13.67995	35.03257
55.55619	53.79103
35.56915	18.22256	12.83138
12.10544	15.61412

24.56878
21.21526

29.2059	10.21798	1.218203	34.919
15.65294
12.51637	16.36495	11.96512	29.19046
39.00582	30.29627	41.9663
38.30511	29.87892
26.93849	39.93617	30.90801	21.05168	29.2998
14.57274	3.872291
7.836085	4.047909

55.51012
39.92844	54.42597

38.06589	18.02256	28.03751
28.60785	5.644946	7.196747	39.57672	26.44512
27.65846

40.249	21.10879


38.60016	38.39545
47.0261	54.29395	52.24009
32.82344
12.70314	10.31851	55.02833
40.23834	1.998201
17.85969	13.99197
54.89585
37.56897	50.65768
22.95937	4.792281	9.959585
43.99639	7.08365	1.545908
38.39331	29.61138
11.52781
53.45942	26.24921	11.73336	18.20992	14.07998	10.68861	44.86475
17.16527

39.81601	30.21751	54.98903	7.247708	19.27845	26.23061
8.770125	55.15653
55.20696	11.43363
29.4891	20.67451	10.68552	17.91896	56.15234
54.53627
38.73899	53.62613	27.44218	14.93794	37.43529
37.92754	15.32326
36.0414	11.12646
38.56525

47.75016	55.54993	47.87656



37.51213	7.612723
40.14013	29.6289	22.32323	44.82696
41.53526	18.09494
37.37646	22.54723	27.47989
30.80102	28.10705	50.33332
17.36559
12.43402	53.3952
16.28629

9.946676	12.69144	33.17403	7.88607	54.05433
31.05602	55.00974
55.05377	24.94784
55.05377	8.505776

6.286316
55.40061	54.59358	2.486823	4.642788	55.2784	24.89406
0.4034753
25.64676	19.83436
29.91602	22.92492	44.63149	53.13497	11.01214

18.01798	11.6324
22.12361	53.6012	51.2465
35.30436	30.03597	22.98266
3.006927	1.551164
9.680111	29.67569	37.06546	49.24941
29.46679	54.87979	7.045354	16.487
55.19276
55.40936	28.16874
55.23393	3.943167
9.734805	7.764054
26.27697	23.3618
25.8877	8.071953
27.3932
39.07411	1.171151

41.40357	5.897864
54.87988	20.30463	14.2864
53.68517	43.59112
12.66565
25.8449	11.19364	16.88239	2.697167
18.51255	6.981919	39.56451	33.05
35.56775	30.03148
37.7352
42.43928	29.75754	22.54856	21.02899	33.34365	5.681402
29.93664	26.37286	5.949573
44.01447
54.9682
37.91669	11.51643	28.96566	32.34032	8.581598
36.37646	29.90457	55.14257
37.41096	30.47662
29.54818
29.16441	8.50639	3.475923	27.99304
13.988

3.822204	22.04066
53.47181	16.52516	34.94983	27.46133
4.759056	53.59787	2.610574	53.91454
39.77524	34.23185
50.10992	7.595269

29.17729	27.30406

45.98737	29.56235	15.36169	55.65385
41.0282	26.48141
1.168414	19.09841
22.31938	29.73053	24.48535
55.03124
35.20203
47.52247
49.54322	6.071834
26.60793
37.39237	29.56187
8.92427	20.89546	52.95033
16.6572	55.72304	2.24687
55.24148	21.85952	17.37017	12.67669
5.789245
40.04111	34.66832	8.805724	53.98292	37.7762
54.1294	37.94304	44.5373
9.891851

54.8802	12.71777	1.121379	2.423907
19.09941	13.4057

31.25821	36.15827	47.53081


55.16957	38.98765	5.045243	6.433875	55.00093
55.00093	1.608584	47.89193
40.08977	52.99075	5.550213	0.9928447	16.56947
25.10151
21.57419	12.56486
39.55851	4.063022

44.93675	29.45999	27.50751


48.23444
24.59723	44.38798
15.27783
42.40162	20.89893
29.81021
51.13015
36.6431	3.76931
36.35793	17.76384	55.77691
42.2412	19.48891
28.05026	40.72529	12.4229	51.54055	7.876355
52.30856
24.80727	36.64665	36.31281	12.64574	43.67563
42.87809	11.72467
37.67929	30.86375
45.58204
37.39227
13.15395	55.46538	49.14741
29.09925	37.00546
11.94243

15.93979

14.4969	5.921339	6.558808

5.506422
43.60977	28.95519	55.2893	28.72811	18.98815
22.10126	7.389791
36.25225	54.34894
42.56231
29.21786	30.99141	6.793272
36.34956
22.84138	55.24238	51.9401	28.32279	43.00586	19.75664
3.523228
1.061646
41.98769	8.993615
55.11074	49.96086	44.34743
0.8371863
5.533263	1.728624	47.39684	45.28353

1.471001

56.06812
34.29995	32.29364	20.59278

20.59735	55.15151	36.96787	29.43063
16.86983	13.91185

27.45736
54.78392
55.46218	9.749297	20.75878
13.15717
24.38206	37.4617	28.10189	48.08898	2.97826	11.3892
27.54308	15.7572
34.60962
17.26787
55.34648	44.28431	38.5639
55.34648	24.34033
55.20546	10.89387	38.5291	28.69571
22.41024	54.79795	6.002624	9.833689
10.71837	5.054386
21.32146	27.49809	41.339	18.55397
0.3431935
27.20479	17.15038
12.13902
24.12391	29.37141	36.89487	7.400359
24.12597
26.031	16.1112
19.15663
40.72689

37.19802	0.6105774	54.80185	26.62512	54.40456	20.65804
32.21921	2.090767
26.39832	24.61276	53.99688	35.23712
38.27024	55.31981
37.79332
37.5657	55.16015	18.33381
23.38174	20.73571
25.22348

55.43805	30.17333	22.73393	15.44978


43.42143	15.6418
19.55053	34.04903
39.62616	24.08189
42.70006	30.91062
20.88614	55.39744	54.5371

30.33465	45.05667
23.05908	10.49534
55.39582	23.02553
38.2765	29.01169	17.11803	12.81057
39.23107	31.6115	37.43906	54.66214
33.11783	12.08119
34.56981
36.75908	2.826927	42.30442
34.28781	10.19539
33.33634	2.214054
37.58358	12.44441	22.35099	37.32113	49.49156
15.75241	34.21982
30.18825
37.49132	49.36507
34.91683	41.00076

39.30931

28.37763	8.552345
16.01486
29.23972


22.59793	8.198931

35.66102	45.15127
22.96231	1.632204
41.88386	11.84623
20.85844	15.639	2.410528

37.74028
38.97965	17.72115
35.60711	25.71018	34.46318
55.39949	4.71579	3.980339

13.64786

29.16831	38.41737
39.25326
4.409286	48.46534
33.75636	0.1534925
37.31095	7.960342	2.939645
8.979552	39.85924	30.62494	53.54668
33.24088	20.10878
24.52363	51.25691	45.0024	44.27698
55.04684
49.09286	44.2826	40.77501
45.90039	41.52885	28.26654
34.36703	27.84689	39.60329	47.01195
34.53677	28.75665
54.06803	37.2866	28.06829
26.51888

36.48632
55.1895	17.56435	29.604	1.769751
55.31578	16.7022

13.49867	47.12983	35.02343	33.91455	25.07334
7.633171	34.89008	2.284054
27.59909	6.210602
18.29865	28.83979	34.74552
41.18573	4.905554
47.90689	16.96589	32.57157
32.66957
15.95546	26.9382	13.95268
39.48086	29.03638	40.85649
15.69855	24.0813
54.36415	39.79867	19.00099
16.48373	15.74892
3.192157
26.15346	19.64461
31.48224	10.66418	14.93149
35.51724	11.73088	12.55797	8.667946
13.99764
21.51099	41.2993	40.25583
41.73182	29.21084	7.829025	13.23812	11.15057

35.23521	11.71797
22.58183	35.08581	0.3268485	49.25387
55.24305	10.42571
19.33296
15.98676
29.01414	12.49627
39.66074	14.34817	28.60275
22.80114	50.97261

42.16772	12.07977
54.88109	39.0256
17.7849
4.053445
38.30496



38.334
48.10464
8.33095	2.531602
25.31857	21.71855	12.54081	54.09068	19.25797	19.611

50.90912
3.044357
15.95391	3.594535	5.182644	9.899666


21.19954	49.25089	25.35866	40.21054	1.097216
42.52354	55.32026	29.80386
24.32644
40.44493	28.79569	22.57365	33.54809
39.37704	54.86766	28.23196	19.53845	17.52178	16.03976
26.39706
52.73356

1.099352


28.92189	25.60287
33.24158	30.65432	51.07766
18.3499	28.69076
52.80685	4.081477	7.855709
31.4216	0.9366796	49.33814
19.60235	4.353499	31.46401

14.3648
40.9567
4.071305	34.90523
23.97689	34.72925
20.82131	30.39612	22.31962
31.82795	28.39758
17.24526	40.53625	54.67808

52.30789	4.116378
54.98059	41.51037	11.8647
39.54904	32.29726
30.8407
54.04011	25.43744	5.870794	10.22954
28.93196
39.24224	31.28347	18.63278	30.15615
18.07701	41.85529
29.39976	42.7898	46.46888
19.79	17.79217	30.52042
40.58199	28.72515	54.57924	13.4272
47.45008	44.82234
13.78783	42.21468	28.68708	27.83898
40.44672	28.91587	53.10592	39.98148	10.86512
16.45978
31.97253
29.35713


12.76182	3.345444
6.888947	15.85519	35.83987	7.441464



56.04806	1.529709	14.49583
36.19174	55.55059
55.39298
7.317832	15.67362	13.79186
34.04791
5.121761
39.7449	24.00673	0.7742096	7.730572
33.45694	23.28904	5.088936
7.950704
47.42825	49.43599	52.34905
55.47398	1.463371
55.47398	37.21922	30.32527
37.32069	47.74442
20.08223	11.39335

31.21058	20.33723	50.26226
5.759049	51.27396
49.03477
55.22119
39.02375
55.11805
55.36696	13.32791	0.4104284
37.43498
55.43443	29.35809
19.6063
11.9761	2.672426
27.40428	5.273557

19.79414	16.09487
31.22811
28.77014	44.14057	13.17096	15.09714
49.80444	10.04221
37.13286	35.09582
37.09321	31.45309	23.77932
37.323	28.51101


36.88839
11.27064	18.94253

26.66681
17.44938	25.47588

11.42573	39.56172	33.58053	0.3685946
36.07196	11.33664


26.0356	43.85307	18.85973	23.30537	36.75949
55.52813	27.61568
28.07765	14.71488	3.832843	42.83067
43.27919	34.37146
28.84996
20.57778	21.5501
8.718867	0.04871992
16.19516
32.66595	10.57521
38.63271
35.70265	19.86222	6.200632	41.19975	2.000532
40.46198	2.913846	47.6529
17.40292	28.68029	13.48274	22.40937


24.89422	8.999347
38.14851	3.369945	47.17873	1.795723

35.67107	28.53473	30.96652	6.472784	0.4399541	35.24162
16.01006	10.66345
55.32227	42.88927
55.37301	23.67165
11.29328	11.01732
18.42742	6.77195	6.644151
32.58823	4.938425
5.883771	55.17329
51.13959	28.25372	26.01138

48.18455	41.04959	43.35656
46.85766	38.90104
33.84533	19.66957	2.080296	14.1223
53.94935	0.8996715
2.648793	42.6089	18.59432	17.67508
34.9097

28.45401	40.63555
21.94223	55.51339
26.31651	6.309252
20.69776	48.55545

38.7399	51.60186

25.68674	10.30407	22.60143

23.94104	0.9545535
55.87145	4.177444
6.73634

27.54967	21.29511
4.242821
43.15983
31.63121

41.17432	11.52649	25.21162
2.598382

42.20585	28.90412
6.821244	0.6907995
42.50057	55.53544	41.33168
55.71358	37.47506	29.87327	36.73516	27.90557
33.99217	38.63744
37.66819	27.12062	28.98401
33.11159	37.05366
32.29271

34.86987	54.86981
14.67295
28.92821	6.273078
12.89031	24.33793	11.67995
33.77664

38.53159	29.56206	52.7429
26.67629	55.35686	27.74328
48.68337	17.83541	43.83823
40.64429	36.28316	7.592915
37.72998	25.37193
34.5621	22.60348	15.76731
39.05093	17.43124	22.01795	14.30498	2.731364
34.58882	19.78053
37.93951	19.18099

11.77774

31.75285	10.07309	30.75242	2.891676
30.46688	39.44725	37.96951	25.42432
19.68365
20.48971
18.09797	30.27024
55.06999	5.209272
19.02616	2.548343	13.30179
38.48144	8.129313	27.26142	5.674126
4.602431
18.10042	55.22532	36.92557

2.608097
42.87368	27.63999	16.48279	11.87849	53.20488	39.48456
46.41052	39.45165
42.24517	25.79758	21.93526	8.206672	22.84854
41.36532
37.58099	28.77695	46.08125	20.54527	40.60614
28.1727	40.16605	55.07837
4.646181	33.01794

55.3736	31.66708	19.96371	0.6275235	41.56616
28.05184
43.0873
25.77183	0.4079289
2.353567
5.409529	22.68571
7.709529
54.95623	44.42973	7.713241	10.0367	26.93289	26.58156
54.94994	39.03175	30.1268
55.22811
55.00799	40.51352	7.605321
52.90496
38.95146	15.58077	20.62192	15.87377
16.74446	55.00756	34.45016
55.28999	43.15497	32.07558	41.76148
44.20163	2.609815
36.33611
18.2604	5.247764	25.65051	5.110126
41.68606
28.24571	2.426934	4.827265
39.68105
15.19321	11.0947

16.1243	53.03249
5.472047	35.30966	5.103341

40.2651	29.693	23.08495	40.18443	29.43012	29.1383
55.45498	38.1277
28.70979	25.88795
12.1939	45.42378
42.1242	1.459284	10.98175	30.69594
4.646536
33.32138	20.06379	26.33564
55.60867	54.71556
54.79873
40.82125
19.25116	48.01714	16.40812
39.5831	46.34516	55.38749
40.85327	26.34584
37.31634	28.12794	11.98539
37.51251	25.29443	2.668292
38.8095
0.5046943
27.62951	6.376454
22.85621	52.89641	41.68482
37.51974	25.63877	10.79201
27.40369	7.826578	4.774543
38.78244
44.49435	46.1423
42.72313	25.26505	23.55494	22.56608
41.0113	16.51551
0.6308559	12.76239
53.46632	51.85444
20.55411	43.38029
26.93821
38.80762	33.42169
20.11085	39.23778
13.17213
39.27989
21.17069	53.8167	6.991352
19.14306	33.78175	12.2044
41.28251	29.86961
27.2534	39.86247	22.53519	55.98794

2.494481
41.84447	41.74175	39.57675
40.80088	21.64459	10.75038
37.78194	29.11618	9.921096	45.92717	27.67096

26.90608
17.90053	17.18999	3.85278	51.74002
35.82595	54.31488	14.39995
45.44012	28.1415	15.21738	24.61838
48.76002	55.28638	20.70092
31.416	55.36111	1.697058
28.35801	23.99333
40.0866	26.20087
33.74833	18.22477	23.4402

55.79523	18.83591
0.06168292	36.72562



29.40386	50.36119	22.35982
18.61323
39.1496
19.32273	43.50901	45.66655
36.25931	7.125657	1.918661
41.13758	18.47155
7.31497	2.311663
20.47462	41.86497
49.02711	1.79068
32.16509	31.59109	11.01181
13.65475
11.09751
40.25019	24.50734	17.47917	35.76291

20.3313	10.79581
25.86282	11.07893
21.91952	55.41205	10.88193
55.38873
55.1924	45.26496	15.92858
0.7722436
29.3231	34.98575	34.05405

6.834568	50.16316
5.473975	44.06272	39.52355
40.5986	33.8246
16.54891
44.54892	7.628146
37.27421	54.59978
18.8487
32.16339

36.9207	38.46968
33.5406	11.54371	3.883894
28.85325	37.19389	5.754795	49.04858
50.70901	51.99513
6.155533

36.94124
3.600633	39.60128	25.67177	24.38962
28.46548	38.06367
19.61682	40.52407	7.391681	20.60346
30.92543	41.0158

38.37973	6.942674	4.766217
34.22569	1.277107
52.85514	1.960716	17.93315	38.04071	11.61268	35.65662
53.55164	42.32541	43.8516
41.20318
24.01116	23.38555	7.848764
5.404031	12.72017	1.784466	55.44737	2.236308
42.83174	25.85569	38.29838
15.16885	18.26634
14.18885
37.35546	25.22176	22.90448
55.75026
41.21194	31.31526	34.66685	8.226855	24.12223
45.01253	17.6045	7.849707	8.462227

28.35199	18.66118
24.61553	3.271136
16.21196	51.34331	1.467951
38.13404
54.67988	50.71254	29.56341

4.709908
39.8978
37.90071	29.37732	37.55734	13.87836	43.23808
32.8217
32.70267
46.09486
4.96864	39.68082
39.79713
42.57082
24.19144	48.84325	20.56328
19.4888	39.64414
42.54383
19.07056	12.97197	12.65128


23.45819	35.95976	28.8164	53.36182
54.72529	42.78269
51.41881	42.20421	6.310891

28.29284	31.91199	29.27445	41.62889
43.63774	8.261817
34.49268	15.22762	5.607724	6.805911	20.09625	13.46485
21.36019	8.688022	31.62105	30.18904
40.73462
36.27613	13.67776

14.31697	29.04149	45.84828

5.87475	52.0735	20.62591
9.926599	9.905091
42.54519	5.114508
32.93404
17.43902	16.62298
12.00207
32.74621	17.71616	18.44951
40.69285	28.50226	21.7597	28.23147
48.74915	42.75134	33.74918	1.025226
27.08378	1.718977	11.50406
40.57217	19.71809
41.311	22.82895
38.88246	20.66385
30.86558	30.04831
55.48055
33.80647	13.8862
20.46437
27.82926	7.210036
15.92206	41.46996
25.02577
5.574681
37.33095	25.96326	54.95568	54.49772	23.07103
55.29402	42.35359	36.63227
55.16886

42.33772	54.56117
16.93599	37.46864	3.45514
49.17511	8.706427
5.138172	47.92183	4.78873
29.86804	37.0015	1.085309	9.410748
55.15175	20.36421
29.05735	37.27467	43.42216

3.560923

17.1498	13.19309	0.993698	16.55732
55.58253	23.54884
26.08039	25.47424	55.4515
8.296581	54.2655
38.73345	21.49723	55.91017
22.19149	55.31469	12.18237
55.31469	4.692877	7.039421
50.61645	27.51172	37.92823	25.3189

37.85152	28.85991
5.083605	41.35117
55.20586	17.13852
36.16093	32.34912	5.994101	1.036959

18.41774

42.55563	30.91221	1.938531
20.82619	23.61907	19.2512	11.95406
29.30292	50.0849	21.03249	29.18238
12.26099	6.853725
6.803265
36.11145	27.51783
42.20559	1.929918	4.911241
26.51362	48.90243	7.415351
30.50288	15.46922
36.06258
11.38988	13.9972
12.71997	6.285414
28.47046	20.79637	36.4601
42.61345
8.124729	50.24672	44.52427
37.15549
34.77736	25.6157	0.2816797	31.00036	47.88538	54.89122
26.98039	10.49909
21.98882	5.760603	8.986011	21.72866
40.16291
6.963453	42.59669	3.207313
35.10118	55.2258	21.25404	28.85913	48.61998
55.09101	50.4946
20.02638	37.12133
9.336487	35.98594
18.81957	48.38316	14.40231
35.02638	18.62066	25.35348	48.4721
37.05146
36.74197	55.92746	14.7398
37.60408	12.13319	1.622768
24.57666	34.4352
25.33358
18.18681
44.77617

44.06336	0.6830022
24.99988
47.23368	29.16277	19.47108	31.78984
3.468284	40.75243
39.04072	26.21297	5.89271
15.80805	43.80382

27.67506
35.50943	9.622106
33.79176
44.60342	37.41846
4.618796
3.819099	37.1372	54.80255	31.72172
54.00163	51.38269	47.45058
11.97235	55.40914
28.5764	40.22386	43.61035
42.21088	29.53365	10.20802	11.60065	13.73213
3.651039	20.30582
29.30488
19.17121	54.96901
8.964466	37.15088
42.6247	22.63716	3.337026	12.71249
29.23607	37.66788	6.59251	5.203329
38.48534	27.84063	4.011223	1.784633	3.374813

5.683094	5.330172
3.927491
10.35543

56.04417
41.57471	55.43844
23.20136	22.03815
0.5725636
29.6079	47.75298
28.0441	44.73622
46.73487	48.92201	11.15176	3.227369	4.206266
29.97894	55.95982
25.53766	0.3901283
6.779479	4.866973	10.54596	28.88246	33.8918
29.88405
21.82324


46.46494	8.902083
55.64024	52.92061
55.31613
54.99353	41.94762	26.57559	15.42736
54.99353	41.22301	26.2161
55.28449	35.97378
55.4626	29.37221	39.23835	18.27576	34.77402
6.870057
42.63252
39.4496	13.0396
38.00104	27.37329	6.392459
16.74532
24.69569	39.16131
36.2535	55.42384	14.79239
11.44701	5.006423	5.439381
42.38316	54.84238	38.35152	13.26537
55.2166	18.12927	41.44413	54.87674
55.2166	23.02489	43.21702
55.2166	42.4185
2.855235	13.20099
50.84248	28.92909
38.07646	55.69862	13.9268	12.55841
31.26061	24.55605
22.48517	19.21376
7.424794
43.77129	12.74051	7.773101	26.70178
52.33004
37.54357	34.51504	23.45358
43.97841	11.95877
23.45587	11.52395
28.11975	37.36714	25.42775	2.196106	11.78122
18.64514	9.261103	37.19511	15.66131	11.83098
36.53912	26.52629
36.2685	29.10157	21.406	21.57134
29.27336	9.220733	47.80401	6.844603
42.27719	42.23169	39.19484	54.75468	16.19874

24.39378	8.016657	7.26907
32.59373	14.98898	19.14578
40.62251	7.941319	3.993284
43.72308	38.56662	31.00713	1.435025	42.05767	23.31649	55.51358	47.16071
55.34118
3.642173	47.92219
39.40361

2.963136	16.81463	37.15615	1.927341
11.04553	53.019
55.41699	54.13341
55.41699	52.60842	48.74596	12.08061
38.58591	53.45352	29.85254
37.82663	29.37233	29.4594
23.14053	26.95486	55.02315
28.61268	38.48278	0.754851	48.89382
42.40457	44.97872

15.90896	14.85239
23.58054	30.53495	31.14197	27.35702	41.33224
16.01835	14.9726	5.307787


55.39918	7.158387
20.45731
8.527082
55.19815
40.61116	53.6132	27.4943	22.3767
45.85534	40.46457

19.84904
31.77268	23.84388
28.02639	43.36723
46.41743	7.111676
24.2063	7.877151
11.59648	8.41785
7.636412	38.29275	54.99785	1.375401
14.30058	13.73635
3.289507
40.38334
48.61374	14.44082	0.7458978
54.78371
2.661564
20.11114	29.78664	8.922188
33.77172	27.10012
24.97738	38.81049
25.67259	18.82608	12.91702	39.14002
21.38256
14.485	7.825095
48.28099	37.57405	25.00186	0.2380539	22.03772
40.15175
12.26443	6.535026	15.03585
2.731021


36.6293	53.70417	25.66642	28.55004	49.19422	25.1131
37.48059	23.92484
42.4963	1.746901
55.52751
56.14549	55.67758
34.54337	2.835607	52.24605
18.75636	10.80495	4.933215
26.09905
13.39858	34.49449	20.9302
10.44831	6.147943
53.91688	3.194649	40.89772	22.06031
55.54131
38.50689	11.85545

5.463029
25.80396	13.48913	15.76444	10.93636
13.11787
40.83937	22.94623
53.91684	42.6675	19.89038	5.111675
48.9146	17.56197	28.9146
21.66587
41.38711	4.365404
17.59696	55.72058
5.194794
14.68686	32.41677	29.4967
18.06251
1.836492
51.84748	14.17433
14.38638	25.03285
13.95851	44.94793	39.08727
18.0692
20.51393	28.04979	54.09314
17.81253	24.20402	23.06395
36.8339	55.48857

37.66076	32.01308	1.497625
17.13928
0.0948454
26.02625	14.34193

13.9144	29.7648
41.45755	37.39314	55.13296
20.71989
33.68084	34.54124	7.581763
28.15025	44.06242
39.43653	34.38361	32.39961
50.75885
55.31193
53.68671	35.5814	5.414227	14.31979	29.84684
53.80978	34.07753
54.3218	42.86544	21.22896	6.053617
43.45667	55.12787

8.055193	14.33653
29.51217
47.07726	43.50089	31.32973
17.34992	1.172696	0.6506466	11.11617
34.65062
50.77309	23.25367	7.88481
40.9304	18.58067

28.08427	9.549275	36.73009
42.4434	49.21515	5.100798	21.78672	39.25684
3.030669
30.88793	27.91069	5.2268	17.56796	26.87227	13.21711
24.96618	37.93809
40.76364	37.86383	37.81549
40.67072	26.28997
10.89331	37.16708	37.26247	2.279059	53.39786
37.74306	32.23021

36.00718
55.36337
46.13273	41.41762
37.03357	2.599519	30.60932	14.57469

4.808033
35.35506	21.1357
39.36641
20.85407	20.08258

20.4241
44.15152	47.08559
39.94183	34.83756	34.13636
37.57742	2.263612
27.59327	4.050089	20.332	1.121049
12.13041	27.10742	37.80053	10.95831
53.78784
38.73905
40.74197	42.48364	40.83439
39.68354
5.467084
11.83926	39.18045

20.23228	4.502642	31.72139	52.74269	40.17645	12.88736
40.56747	31.64915	7.475186	46.71655
4.726656
38.08548	20.0948	7.307731	27.74839
22.33526	17.85384
27.21697	1.569165
47.42359	3.771793	8.180815
55.55884
9.452579
18.04371
39.99113	3.273271
29.06591

38.75199	41.88185
29.00994	36.28329	24.8292	55.78483	3.490083
28.42909	18.15891
28.98429
36.39732	25.2263
37.70537	9.41579	5.500722	28.12429
40.60544	27.82608	44.92209	38.51485	19.7797
37.56465	9.789973	13.05026	3.422073
23.4762
42.37928	55.59043	8.563585
55.42371	0.2147075	18.81683
54.95813	50.47725
54.94456
53.35626

25.21477

17.45258	43.70073
11.10056	4.197708
41.82611	16.60103
34.35859
41.45415	25.97618	7.287338

46.44696	28.09399	13.85067	8.233872	36.17929
55.33833	17.41902

38.3538	21.53913	29.00853	55.36916
1.110037
37.40306
32.98437	18.68555
52.06259
55.27298	44.13702
36.30411	52.95083	53.21362	28.7536
42.16289
55.10544
29.58105	18.37413


52.93684	50.37109
23.67999
37.45433	27.27311
41.16639	2.257812
43.68473	7.490093	7.851796
22.40144	55.19388	33.32137	40.54704	10.88271
12.71924	42.35349	43.39376	6.254546
16.10197	43.53233
51.7696
13.21878	4.00599	37.02052	29.14496
18.54939
8.208377	3.983493

48.1759	19.16952	8.288289	2.433376
13.38092

39.94466
2.338874
15.01038	55.93448
40.33563	12.4888
28.10382	37.6202	21.93129
28.40262	37.14625	10.4314	53.41069	14.31706	27.13496
17.03773	54.91715	33.28632
41.03033
5.524887	56.07494	26.41839	2.515282
50.08192	19.07063
9.722655	36.9511	16.90307	23.34005

40.27379	29.93286

42.43604
27.38809	6.225312
14.96908	35.7909	54.93926	2.480086	17.24645	29.92781
3.338878
46.63375	41.15138
0.5571707
16.27704
19.5207
38.88186	32.60681	31.72095	45.35636	30.27492
24.44198	23.09085

45.21058
46.28888
43.34438	1.43878	33.69348
49.90199	15.72207	9.23265
41.33893
42.53385	18.97576	11.14862
0.3644473	18.71847	14.00301
46.76194	8.037713
41.56521	8.883421
41.56716	48.21845
39.65989	12.0317	10.93019	32.23739
14.54716
28.38723	37.63346
45.73344
29.72688	4.889669	54.34855
42.30989	27.75107	22.78817
41.69083
33.41882	24.16275
36.32218	28.95249	35.88187
16.73653	36.83971	9.450145
39.47616	39.2645
45.71995	12.98537	20.68259	31.66353
28.35102	5.018394	6.320519
47.41111

11.73171	5.090523


41.43737
22.59046	42.31175	2.637779	6.73273
38.89467	6.461817
12.96551	5.828054
29.62535	40.17757
42.96198
42.8902

45.75352	10.33755	5.447046	13.95566


34.58322	22.34459
49.62358	36.58074	34.79348	48.2998	34.38892
54.16426
55.50648	40.42847	51.83183
52.36385
48.87257
29.57981	33.08833
38.1418
40.65726	5.260393	33.65706
19.30163
41.50236	31.51984	56.04089
54.71304	21.11772	54.61298
23.63783	40.87476	26.44985	11.89606	51.4542	26.87332	48.01203
36.99395	29.62993	42.29345	25.10935	2.580399

18.16551
38.15856


43.68698
41.27103	52.69306
53.85724	39.9949	31.86006	17.22647
1.887867	36.34361
40.9221	54.92338	29.65531	11.3645

4.05223
33.17093	46.61088	25.30296	26.57751	24.53185	23.80421
36.48897	3.308082
50.14833	9.756592
39.03457
13.5568
34.74646	25.74342
24.58059
17.32866	8.793423	39.8569	5.333723
39.21232	43.10383
40.05241
12.79905
23.36657	55.7661	10.39418	20.85119
35.74802	5.576155	14.30266
40.73241	28.23734	31.72961	51.40091
2.489739

28.93167	39.24329	25.82966
12.91257
39.29172	19.30986
4.130945	33.7645
39.62084
28.81496
17.96983
52.17758
47.97361	42.41044
53.91988


39.76772
39.7769	26.81148

53.68809	15.4664	48.69654
55.1726	6.448246
55.18353	55.96342
55.43534	5.768726
5.507353
44.63061	43.43211	35.15367	55.16516
29.44519	45.44779	23.06535	28.31289	36.65597
40.00438	25.63663
40.7265	26.27517
24.24692
39.57402	25.42257	12.66368	49.84116	5.494567

39.9046

28.4202	17.4572	25.89703

35.10954	28.90537	1.146158	19.38472	30.96088


29.60315	54.88682	49.72413	12.69919	48.68725	9.868992

25.48458	9.08465	23.23923

13.67357	50.67527	12.55312	28.24825	17.05987

28.67783	28.55746
40.38363	31.02355
8.928017	55.82342	54.09582
41.00435	9.540373
47.36164
37.07628
29.3286	15.65276	30.27167
11.59643
34.66647
7.134812
25.26548

23.45717	3.983743
32.79995	22.82337

13.44413	9.716717
2.133652
40.87971
27.51305	19.23465	4.77923
42.68066	37.02924
23.74818	55.75851	34.91001
39.43229	25.77631	6.785427	13.23303	12.78541	5.343863	37.98324	18.21983
37.57542	0.5211212
9.489602
52.88339	25.18859
4.459595

38.98588	20.01315	28.42498	38.9169
40.33508

23.76126	10.29589	55.20906
37.52547	34.17549
40.49498	26.83281	54.89922
26.62332	25.91781	7.92816	52.55743
29.23026	42.93328	0.9476539	42.57452	38.61496	18.7208	29.91781
39.96977
37.43075	36.54761	24.91755	38.01991
37.01444	6.284665	36.03672	55.89996

41.15002	54.68507
24.59606	36.01745	29.78176	6.262629	0.4498418
42.46517	13.77136
13.53204
46.36326
38.94187	38.0659
20.13909	4.418979
17.54808

26.12631	20.11311
9.182406	40.34416	6.481758
9.556906	54.70201	48.3876
49.12141	46.03726	39.30566	24.83085
44.0935	21.19511
34.59663	9.436989
31.2462
3.434319
48.75269	39.69686
28.58194
53.94209	54.8864

16.77794	5.001559	53.26397	49.60182
54.87873	37.52665	25.57132	36.54862	38.32836
54.87873	37.98902	11.44937
55.0682	44.84291
55.37228	23.61806	4.080938	50.65884

53.84239	26.95407
46.49601	38.82451	4.447625	27.89003	26.03988
54.77839	23.88842	23.07515	11.39412
54.89487	36.6721	35.13451	33.36753
44.69819	17.26609
37.34401
10.62181	49.16756
