SpeciationRates
0.1757231	0.2424654	0.1792431
0.1432374	0.2241832	0.08775738	0.1731944	0.2254394
0.1733921	0.2445739	0.1313063	0.1429482
0.1542987	0.1857141
0.2773241	0.2168179	0.1107245
0.09395979	0.2178117
0.293158	0.2114807	0.08321008	0.2494879
0.2979595	0.1881635	0.2336291	0.1836128
0.2198356	0.1932071	0.3363445
0.1357936	0.189238	0.3573749	0.3630929
0.226599	0.08108013
0.2599299	0.2570213	0.2940768
0.1825741	0.1823253	0.2850053	0.2624976	0.1650956
0.1710906	0.2059047
0.1331166	0.1986605
0.05722279	0.1935506
0.171
0.1443502	0.1843257	0.1280927
0.1614016	0.1802299	0.3063631	0.083896
0.1047951	0.1582618	0.3375873	0.2027797	0.1345865
0.1985578	0.2462334	0.1939994	0.07949531
0.2468421	0.1995949
0.3012015	0.2070559
0.1050261	0.29505	0.2139981
0.1176215	0.2261721	0.316324	0.1249771
0.3227994	0.2160929	0.1024344	0.1993141
0.3232508	0.2085183	0.1325852	0.2087391
0.1704992	0.2073379
0.2018055
0.1743915	0.1879011
0.1524662	0.1828591
0.3192626	0.09961907	0.2138265	0.1527735	0.27506
0.2922447	0.179109	0.2199133	0.1799248
0.2336906	0.1807165	0.2441274	0.2132551
0.2614019	0.2418648	0.2459918
0.1802087	0.2333856	0.2093842	0.2418941	0.1523803	0.1842806	0.2930188	0.146129	0.2176558
0.1605639	0.2510763	0.2094602	0.2403567	0.2094062
0.2584372	0.2286569	0.1072315
0.05480265	0.1865451	0.3139346
0.1352287	0.2171956
0.1933077	0.1852409	0.3263878
0.2228061
0.1728821	0.1882372	0.1980058	0.1470086	0.2148317
0.1275517	0.2100014
0.221103
0.215472	0.191801	0.1572678
0.2092341	0.1641279
0.2913824	0.1911144
0.180122
0.3165019	0.2508917	0.1355121	0.1675209
0.2080629	0.1370083	0.2229252	0.2747459	0.3331394
0.2968874	0.2078299
0.2079121	0.2275405	0.2349552
0.2341556	0.2413976	0.2022873
0.2644706	0.1862425	0.2438633
0.1454239	0.1985366	0.3539955
0.2625509	0.2172398	0.18702	0.1981123
0.1617276	0.1310506	0.2081334	0.286493
0.3038187	0.1816442	0.2371455	0.2015005
0.129453	0.1965795
0.1306189	0.3201967	0.1577734
0.1857758	0.2252178	0.1443731
0.2812894	0.2156282	0.2594934	0.3338639
0.1652385	0.1763848	0.1983776
0.1658934	0.1984718	0.1699704	0.08315565
0.1658394
0.3606875	0.2041058	0.1403929	0.1152031	0.2161493	0.08292894
0.1677269	0.1934018	0.07783499	0.1513247
0.1561793	0.2126181	0.2174007
0.2956853	0.221322	0.2105474
0.0831051	0.2220307	0.1685013	0.2298324	0.2127118
0.2613014	0.2207407	0.1956275	0.1617596	0.267337
0.177661	0.2941618	0.1750137	0.2203428	0.3311069
0.2473963	0.1881838	0.2826921
0.1976999	0.2553034	0.2449162	0.2089874
0.1458924	0.2447102	0.2697331
0.3385142	0.2391177	0.2359442	0.2797423	0.2048625
0.2110342	0.2789459	0.1171894	0.1946141	0.1525277
0.2707209	0.09382161	0.1819451
0.1115565	0.1801915	0.2463034	0.2674931	0.1082649
0.1108505	0.192185	0.1691481	0.2093796
0.2071019	0.3083008	0.2080106
0.2016268
0.09371865	0.1810833	0.2103484	0.103238	0.2183862
0.1377169	0.2348688	0.1345305	0.170141
0.2221231	0.1129474	0.2231338
0.1502927	0.2018887	0.1150538
0.1565117	0.1904446	0.1402443
0.1761388	0.1662211
0.2868229	0.2304423
0.1703823	0.2485666	0.1811104	0.2921888
0.1206997	0.218158	0.1564124
0.3214034	0.1869389	0.2591643	0.1529597
0.2220103	0.1903318	0.2444532
0.2426452	0.2358416	0.3289335
0.1636277	0.2520589	0.105578	0.2674511	0.1529619	0.137632
0.2084116	0.1590044	0.2774948	0.1817803	0.2442864	0.2962897
0.2986612	0.2311567	0.1249266	0.1929579
0.2248424	0.2740957
0.2572838	0.2116323	0.2531766
0.1767283	0.1809948	0.1539939	0.1630141	0.2836957	0.1784024
0.1441529	0.2060456
0.1362645	0.2253341	0.180074
0.09259971	0.174034	0.2186661
0.2438303	0.1610481	0.1011924	0.1548188
0.2327184	0.1801712
0.1217648	0.2731824	0.2140367	0.1052564
0.2060441	0.1331451	0.2235592	0.2067593
0.1236116	0.1772541
0.3370577	0.202613	0.1084438	0.272948
0.2315757	0.1772373	0.0761875
0.1709551	0.2748756	0.1807708
0.225021	0.1553736	0.2203917	0.2768545
0.1412076	0.2839211
0.1081046	0.1789256	0.1803748
0.2319391	0.2038511	0.197435	0.2258909	0.1288115
0.1860894
0.07969897	0.1928291
0.1892045	0.2076397	0.1217367	0.1810419	0.1436825	0.2327169
0.1906478	0.2240962	0.1956481	0.1832679	0.2038688
0.1261064	0.1982165
0.182894
0.1042137	0.2400751	0.2423049	0.1923348	0.2621427
0.2338599
0.246746	0.1529996
0.09696607	0.2260886	0.2132448	0.174361	0.01438087	0.3434339
0.1042596	0.1930654
0.1711247	0.2083251
0.1247089	0.2402204	0.2472409
0.1230137	0.1814481
0.2528822
0.158573	0.186603
0.1498456	0.2114165
0.09192588	0.184615
0.1910896
0.2223451	0.2201106
0.2166322
0.1087801	0.196048	0.2171535
0.2459953	0.2974033	0.2375168
0.3508429	0.1967895	0.2676988
0.05474528	0.2437258	0.2027255
0.237008	0.227818	0.1107419	0.1664736	0.08321996
0.1481828	0.1919398
0.1407729	0.2438629	0.1680745	0.1548869
0.2436304
0.1721014	0.1407915	0.2835059	0.2067521	0.2099736
0.2062586	0.2122994
0.2438909	0.1813512	0.1859688	0.1868607	0.3119286	0.3552027	0.2590753
0.2203134	0.2169087
0.1770363	0.2205798	0.2495825
0.2724794	0.1310801	0.2697285	0.2632669	0.24005
0.2608891	0.1450801
0.2193138	0.1159616	0.2913379	0.2027984	0.3388913	0.191954
0.1231046	0.09487987	0.2787983
0.2103377	0.1188271	0.3289171
0.28841	0.1593195
0.2391704	0.1310996	0.1743974	0.3109593
0.2289574	0.2514032
0.3394764	0.1031494	0.1918673	0.2645364
0.2468397	0.1902068	0.2015338
0.2207926	0.1492021	0.1748173
0.2106177	0.2206753	0.1495992	0.02642257
0.1928303	0.1967689	0.2222357
0.2370468
0.2454064	0.2103668
0.1459364	0.2282985
0.2310136
0.2747677	0.1850871	0.3143199	0.2088824	0.1816346
0.4351627	0.2326542
0.1114899	0.1457255	0.2184307	0.2335931	0.2221361
0.1783229	0.1882638	0.1036642	0.2058237
0.3117412	0.2100344	0.2345615
0.2755788	0.1782005	0.2022218	0.1303123	0.2499752	0.1414981
0.2296534	0.1993756	0.3360604
0.04555428	0.2279134	0.2355707
0.1963137
0.1791396	0.1092305
0.09950517	0.1828814	0.2121991
0.1939636
0.1125016	0.1640196	0.2136277	0.1271079
0.07978194	0.1413508	0.3485428	0.2825696	0.2269793	0.2859902
0.2041496	0.1787413
0.1907377
0.3511122	0.2254064	0.1577571
0.2349458
0.1975385
0.1202851	0.2239594	0.2404407
0.2142746	0.1781572	0.1636121	0.2217291
0.1646239	0.237659
0.1623176	0.215617	0.1315642	0.1422339
0.2493776	0.2466581	0.1423971
0.2917074	0.2171097	0.06887051
0.2739677	0.1557488
0.2080571	0.2595905	0.2316857
0.2651529	0.220313	0.2289232	0.2200009
0.2598688	0.1711409	0.1075188	0.1064447
0.157472	0.1763725	0.07954447
0.1519739	0.2408561
0.1950519	0.1791759	0.2483354	0.2550245	0.2006905	0.211689	0.2033366	0.2182091
0.147725	0.2099951
0.202322
0.1259479	0.2227704	0.1815638	0.1202715	0.3307859	0.2716866	0.1783526
0.09626682	0.233845	0.2033646
0.1093668	0.1337254	0.2297806
0.1705833	0.2115314	0.2847418	0.09413463	0.1087659	0.1825263
0.258374	0.1838722
0.1936342	0.2405538	0.1922625	0.1615511	0.2135048	0.2552683
0.2190425	0.1758965	0.1318602
0.2045189	0.1714976	0.1373247
0.2329084	0.2017067
0.2095841
0.2410663	0.1855641	0.144874	0.2748496
0.2300985
0.1880964
0.2369664
0.197033	0.2375385	0.1689307
0.2366643	0.234885	0.2017253	0.2607052	0.2585582
0.1393468	0.2036634	0.1646029
0.2048821	0.1763053	0.3488973	0.1918587
0.2589577	0.2192991	0.2858625	0.2033909
0.1496376	0.2238425
0.4140085	0.2363395	0.1988866
0.1252951	0.1637419
0.210656
0.1819369	0.3589589	0.2856558	0.2555853	0.1198764	0.2133419
0.2339684	0.2506249	0.1548461
0.1541426	0.1377904	0.2954707
0.1645362	0.1241833	0.2986566
0.2316729
0.2045542	0.1824531
0.2191409	0.1751506	0.3032322	0.1830431	0.1738686	0.2350556	0.2286768
0.2467712	0.1816956
0.1197869	0.2147076	0.4953334
0.1742141	0.2165055	0.2441714	0.2632219	0.1935877	0.3267152
0.2049659
0.1000339	0.1974495	0.224739
0.1014241	0.1898247	0.1971488	0.2676688
0.2442939	0.2024656	0.1369428	0.198173
0.3067035	0.1667779	0.3124719
0.1748902	0.2440572	0.1178136	0.1618349	0.2065583
0.1316959	0.2707574	0.2331876	0.1934798	0.2539363
0.2770825	0.1675111
0.3125022	0.155193	0.264779
0.2194736	0.180791	0.2895787
0.1152976	0.2519131	0.1866207
0.184138	0.2254555	0.3037133
0.1611682	0.1767358	0.1619153
0.165657	0.1909531
0.102008	0.1612286	0.1088199
0.1898655
0.2579008	0.2048742	0.1183434
0.153694	0.1307804	0.2657008	0.2182862
0.2250167	0.1612496	0.2963337
0.1583945	0.1972631
0.2468115	0.1895707	0.2492076	0.2402807	0.1901388
0.1406288	0.3366839	0.1598899	0.2288018	0.1765808
0.1572632	0.191535	0.1778843
0.1131323	0.2082569
0.2845365	0.1902347	0.2057898	0.3824285	0.2128523	0.1578557	0.2369364
0.3342963	0.2089593	0.3664436	0.2823895
0.2430731	0.1741477
0.2480567	0.1732736
0.2695618	0.2148311	0.1685137	0.2014415	0.09597282	0.04725449
0.2638335	0.2222956	0.1483199	0.132795
0.1661985	0.2207154	0.07194156
0.2187008	0.212043
0.2481588	0.189282	0.2880427	0.1840994	0.1099877
0.2620631	0.2225773
0.1834231
0.1975055	0.1834305	0.2509426
0.3723318	0.2115841	0.221522	0.2558762	0.2635535
0.1950075	0.2673154	0.2570804	0.1132786	0.1899863
0.251336	0.2462548	0.2431323
0.1482842	0.2208332	0.1682901
0.2049072
0.2047919	0.1702423	0.1542496
0.1839803
0.1359012	0.1789358	0.1339449	0.2997405	0.1782346
0.1775533	0.2012398	0.1152583
0.1594966	0.1280722	0.2149662
0.1187694	0.1813303	0.1865341	0.3112054
0.2118628	0.1601292
0.1743572	0.248395
0.2033084	0.2222273
0.1793941	0.2192753	0.197404
0.2772297	0.190946
0.1665577	0.2395993	0.1356698
0.2420872	0.1818318	0.2273497	0.2309625
0.2157554	0.2764509	0.1690276	0.2384413
0.0838279	0.127634	0.3051546	0.2259514	0.1313612
0.01498838	0.2046101
0.07619413	0.2389796	0.1298265	0.1696596	0.2214371	0.1911219
0.130961	0.1908723	0.2492655	0.208943
0.3564139	0.1830733
0.2146583
0.3161814	0.117809	0.222567	0.3373837	0.1573856
0.3451614	0.2275328	0.03715123
0.2309788
0.2722413	0.1286036	0.1619862	0.2105756
0.2308752
0.2192215
0.1573467	0.2015975	0.2871955	0.1073259	0.2253407	0.1268317
0.3351197	0.1472572	0.2561866	0.3388314
0.2453383	0.3641319	0.2185522	0.2329243	0.09268591	0.2713318
0.1517872	0.1807295
0.1823822	0.1977457	0.1394589
0.3239163	0.2133754	0.1669693
0.2275291
0.1724834	0.1755346	0.1441232	0.2194999
0.2044393
0.1715869
0.2568197	0.2342959
0.1361879	0.3427673	0.1763224
0.3053697	0.1929679
0.17023	0.1974433	0.1553374
0.362486	0.2058852
0.2561975	0.1931951
0.2369339	0.2337294	0.2780349
0.2254451	0.192244	0.1717202	0.1231329
0.1436792	0.1911159	0.1418064
0.2737262	0.1938016	0.2328428	0.1795846	0.226295	0.2328127
0.2682313	0.2002599
0.2245114	0.1387817	0.1735674	0.2567474	0.2132517	0.1744274
0.2890407	0.1745277	0.08616316
0.2107294	0.2065994	0.0549156
0.251538	0.1981853
0.1257922	0.2156663
0.2131442	0.2306683	0.109792	0.2241275
0.2409087	0.1221221	0.1938277
0.2573528	0.2095934
0.2140166
0.2229716	0.17887
0.237976
0.2142877	0.2258608	0.1439884	0.2290273
0.2264711
0.0553431	0.2306982
0.2884546	0.1908557	0.1259125	0.1333536	0.2947122	0.1925864
0.07220044	0.2241217	0.2689102
0.2860195	0.1798379	0.2145494
0.2523473	0.2268866
0.3146776	0.1353909	0.2399599	0.217139
0.1437475	0.2151593
0.1601651	0.3060246	0.09550052	0.2497208	0.1555921	0.24497	0.2203694
0.131245	0.2255453
0.2052723	0.2105128
0.1759923	0.2036476	0.1254422
0.1847738	0.109025	0.196338	0.1300101
0.2464683	0.2126469
0.2488568	0.1741217	0.3866282	0.179698	0.2014548
0.213871
0.2793194	0.186329
0.1977836
0.1741333	0.1895228
0.179705	0.1845791	0.1005251	0.2287121
0.2385301
0.1312805	0.2543091	0.1171247	0.2443445	0.1434192
0.2880134	0.2024695	0.1531561
0.246946
0.2698952	0.1912357
0.2491787	0.1823959
0.09691713	0.1000141	0.1938915	0.2007396
0.1881632	0.218842
0.2078351	0.2807975	0.2140249	0.07778677	0.2041035	0.14375	0.1618327
0.2936965	0.1615236	0.1793829
0.1855073	0.2195129
0.3023926	0.2262066
0.1687631	0.1171071	0.2339136	0.2649632
0.1348037	0.1490441	0.2557863
0.1256778	0.1395269	0.2716587	0.2400743	0.1461187
0.2451201	0.3174975	0.214319	0.1303469	0.1748549
0.1678021	0.238065	0.1877119
0.1136391	0.3029164	0.1424908	0.2223785	0.1379752
0.1428245	0.188628
0.09727	0.1925818	0.2284189
0.2318436	0.219905
0.1462301	0.3248883	0.1532175	0.1784536	0.1943838
0.238658	0.1841361
0.222282	0.2047634	0.2800825
0.09475059	0.1802659
0.1065682	0.1836932
0.1763265
0.2577531	0.2093536	0.1645136	0.183516	0.2694501	0.2819521	0.3366685
0.08606513	0.2123855	0.293683
0.139057	0.1883107	0.280832	0.1592197	0.2550138
0.1449138	0.2076312	0.06769518
0.162971	0.1832077
0.1290189	0.2192015	0.2054987	0.1833545
0.3662065	0.2095573	0.3008324
0.2428328	0.2268344
0.2348837
0.2028911	0.1251008	0.2068477	0.333557	0.3030758
0.208822
0.1996331
0.2915974	0.2178293	0.1916796
0.2105471	0.1925041	0.2040141
0.2160957	0.2083682	0.1624117
0.131456	0.1793655	0.1304025
0.261534	0.2169585	0.09202437	0.1955108
0.1734982
0.2328779	0.2815526	0.229806
0.1530511	0.2613332	0.241422
0.1910332	0.1170481	0.2553064
0.1727465	0.2100031	0.08994682	0.2038354	0.08381034
0.2332214	0.2391997	0.2172194	0.1513407	0.1454821
0.1982984	0.20481	0.1679652
0.1698169	0.1715523
0.1184856	0.1612812	0.2941444	0.205338
0.2792409	0.1590859	0.2457876
0.2934401	0.1849445	0.2589822
0.2508772	0.1539824	0.1311826	0.2386895	0.2172055	0.1893584
0.1651654	0.4112361	0.2118695
0.3207851	0.1979702
0.3305886	0.211843	0.2258315
0.3059197	0.1894188	0.1726525
0.1826361
0.232389	0.1656365
0.1610025
0.2491256	0.1912039	0.2861356
0.2691064	0.212295
0.3538965	0.1766776
0.2245472
0.2410009
0.2048359	0.2116932	0.2097372
0.1899059
0.2465825	0.2884001	0.1774262
0.2008373	0.1783695	0.1984104
0.2582856	0.2079774	0.1999953
0.1517949	0.1895884	0.2034388	0.170032
0.2173497
0.1892142	0.2067076
0.3126252	0.1930074	0.1235159
0.1092718	0.1712125	0.1110111	0.2011926
0.2058032	0.1568578	0.2036593	0.1579201
0.1664876
0.1128907	0.2103505
0.1897041
0.2302608	0.1858578	0.2642376
0.2285024	0.2247105
0.2537391	0.1898899	0.2174186
0.3264475	0.2052119	0.2940853
0.2300443	0.2448335	0.1398021	0.2509953
0.2700137	0.2226637	0.2474603	0.2262101	0.2194153
0.2657486	0.2196896	0.2311375
0.2034274	0.3021414	0.2653016	0.3008929	0.251794
0.2034719	0.146874
0.1753589	0.1893524	0.2182493	0.2143315
0.2434945	0.1588899	0.1865142	0.1282154
0.1993056	0.2373966	0.1195978	0.1633071	0.1809582
0.2532128	0.2442025	0.1958165
0.273713	0.1653008	0.2963503	0.203643
0.2263166	0.1787993
0.1944734
0.257482	0.2419512
0.0445989	0.1267143	0.2604521	0.2507936	0.2056552
0.1423081	0.1076458	0.3029143
0.1875091
0.2485768	0.2547213	0.1882641	0.2686768	0.2524046	0.2280433
0.2083948	0.1410493	0.1822668	0.2111782
0.2910041	0.2073062	0.4055916
0.2082651	0.2177542	0.04453028	0.1733955
0.2577732	0.1879739	0.16054
0.2867928	0.1999691	0.1326264	0.1723087
0.2428881	0.2630548
0.3300859	0.2824297	0.2556375	0.2131153
0.3227899	0.249922	0.1649585	0.2482666
0.1805113	0.09959673	0.2348827
0.2025993	0.1525526	0.2659177	0.2087778
0.2501824	0.2069229	0.2351122
0.2011889	0.2112818
0.2270393	0.1828264	0.3746452
0.2328617	0.281545	0.1631138	0.2165402
0.1957524	0.2006976	0.3123042	0.2299556	0.2242807
0.1231676	0.192643
0.3152932	0.1368514	0.2176067	0.2534239
0.06794234	0.2113676	0.1087582	0.2644535	0.2020618	0.2112694
0.1887286
0.2366185	0.2522264	0.2140836
0.2647193	0.2196914	0.2626069	0.2187089	0.2254386
0.3125589	0.1603706	0.2492541
0.2692221	0.2113465
0.2482746	0.2648034
0.1723486	0.2272844	0.2846151
0.1938641	0.20392	0.4137244	0.1864612
0.1835674	0.2595472	0.2134866
0.1860172
0.2059113	0.2283453	0.208358
0.1957315	0.1339018	0.2006544
0.1817039	0.1845155
0.2645073	0.1974753
0.1182837	0.232931
0.1967765
0.1785838
0.1998624
0.208505	0.1967176
0.2479789	0.2112131
0.2535119	0.2213891	0.1554901
0.1072041	0.2598964	0.3130902	0.1174097	0.2022385	0.2067331	0.1740187
0.2158139
0.1468692	0.1565742
0.1842479	0.1958387
0.1400575	0.2146956	0.2715705	0.2324689	0.1899378
0.2126098
0.2279799
0.2211985	0.3986778	0.2175829	0.1572192	0.2157276	0.1947746
0.2130557	0.1951436	0.09182201	0.1638853
0.1434943	0.1721029
0.2762451	0.1898363	0.1639266	0.2299497	0.1208468
0.1988408	0.2343236	0.1473258	0.1530938	0.2649044	0.1146181	0.1607903
0.2803043	0.2056827
0.2209283	0.1521963
0.239379
0.2813464	0.207268
0.2243302
0.212576
0.3080705	0.2185044	0.2798083
0.2240004	0.216046	0.1271775	0.2033073
0.130984	0.4079413	0.198924
0.01761873	0.1814972	0.1707108	0.1876266
0.1349592	0.2485764	0.1894288	0.1954801
0.134705	0.2175558	0.04847459	0.2280096
0.1815056
0.1397138	0.1719046
0.1714947	0.2118014
0.2192243	0.2156916	0.1841893
0.2385124	0.2191116	0.1806636
0.1445594	0.1671666	0.221799	0.2679641
0.2231636	0.2188859	0.1309222
0.1258817	0.2408564	0.276732	0.1682414
0.2041961
0.2000817	0.1628239	0.2363486
0.1795126	0.1598771	0.2467429	0.2407635
0.160889	0.2058902	0.1712948
0.1861401	0.2190503
0.2219554	0.2003582	0.2305197	0.3087175	0.27327
0.2037585	0.1995812
0.0850508	0.175541	0.1063313	0.2191497	0.1042901
0.1139663	0.1796222	0.2399121
0.1995583	0.1746585	0.241796	0.2439794
0.1005966	0.2560647	0.3000862	0.245567
0.3618134	0.2591861	0.1898888	0.2168931	0.1650816
0.1498798	0.1823308	0.1701949
0.1802731	0.220608	0.2112153	0.1010127	0.2138628
0.2157809	0.2022345	0.1333367	0.1866827	0.2852652	0.2378549
0.2288665	0.2248518
0.1907322	0.1910373
0.2381599	0.1600125
0.1926611
0.1912003
0.1290828	0.1780835	0.3192189
0.2763351	0.1358352	0.173969	0.1981452	0.08812881
0.2159612
0.1932763
0.192199
0.2422078	0.2535454	0.3070917	0.2063384
0.153474	0.2507665	0.08810802
0.2096423	0.1306726
0.06561177	0.1304599	0.2260269	0.2786633
0.2338694	0.2118195
0.3406712	0.2108208
0.2072987	0.2472707	0.1964594	0.1406914	0.06297211
0.2196958	0.2573344	0.1816473	0.1654459
0.1443673	0.2457024
0.2556996	0.1422363	0.2062921	0.1592743
0.2425101	0.0815736	0.2931459
0.2933601	0.1276477	0.2467684	0.260095
0.3043534	0.1791988	0.1768138
0.1956387	0.1905168	0.2249852
0.1996559
0.1507486	0.2084056	0.3259997	0.1898508
0.3463571	0.2051574	0.2020289
0.1686712	0.2049063
0.2212633	0.1818549
0.1509622	0.2063048
0.1848824	0.1744112
0.229373	0.07769532	0.2448565	0.2325108
0.2840521	0.1773744
0.2975007	0.1230538	0.2397036
0.06956341	0.1942319
0.1731107	0.2105717	0.3158504
0.1497172	0.1797312	0.3808516
0.2050616
0.1625028	0.2053865	0.1920951
0.2051647	0.1795987
0.2796669	0.1613153	0.1956681	0.3164271	0.1908774
0.2888324	0.2052369	0.1332198
0.1920489	0.2016213	0.1393438
0.3034383	0.2393412	0.1535226	0.3547008
0.3220657	0.2316147	0.1152396
0.1869665
0.2116722
0.1616441	0.1956415
0.07855739	0.1843242	0.1994184
0.226872
0.3092023	0.2392588
0.2235716	0.2976133	0.1943306
0.191263
0.2638417	0.1591918	0.2233772	0.1584962	0.1726408
0.1240686	0.212863	0.1796156
0.2150167
0.2228129
0.2627877	0.2145338	0.2381081	0.1848894	0.2624883	0.2429245
0.2225091	0.1247965	0.1913455
0.1723171	0.1613998	0.2382515	0.1427048	0.1826403
0.1879457	0.2212442	0.1752188
0.2843383	0.1833412
0.2093826	0.2731163	0.2262276
0.1394795	0.1950505	0.1249572
0.2249442	0.1863283
0.246276	0.2325348	0.1938442
0.1408457	0.1845321
0.1858941	0.2347039	0.2527421	0.1890961	0.2595262	0.2799097
0.323284	0.2838515	0.158452	0.2141868
0.2537248	0.1343186	0.200653	0.02611667	0.2375135
0.2598259
0.1817713
0.3194119	0.1958588	0.2608039
0.2200194	0.2516303	0.3348098	0.2112159	0.1394385
0.2577474
0.221506	0.2347313	0.1254761	0.1735202	0.1601869	0.06467472	0.1261927
0.2361109	0.2216043	0.1493505
0.2053617	0.07265525	0.2640847
0.1377738	0.1497399	0.2784706
0.1074399	0.2025662	0.2769523
0.2123981	0.196387	0.1662488	0.1647982
0.1652761	0.1971134	0.2121981
0.1239528	0.1821212	0.1796916
0.1351657	0.2290099	0.2180642	0.2130073
0.1935645
0.1797505	0.1842702	0.2605728	0.2426642
0.1862298	0.176081	0.2352273
0.236723	0.2049512	0.2993986	0.1771038	0.1561537
0.2908788	0.2415136	0.2052023
0.368586	0.1709993	0.2157025	0.1887272	0.1707324
0.1842931	0.2177855
0.2184259
0.3174298	0.1957932	0.1599806
0.2917138	0.2193549	0.1545569
0.1804459	0.244016	0.3027428
0.1435482	0.192635	0.2182898
0.1804062
0.1729445	0.2210941	0.1886173
0.2372841
0.1498135	0.1710089	0.1384512	0.3129863
0.1709727
0.2126761	0.2157955	0.1797684
0.2192303	0.1806895	0.2597228
0.3334482	0.2402449
0.2106842
0.2027387	0.2045041	0.341297
0.1540067	0.2010664
0.1183806	0.1959605
0.3135984	0.2161991
0.184724
0.1257299	0.2318334	0.2002001	0.1882349
0.1356055	0.1935597
0.2210902
0.1945072	0.2276613	0.1603696
0.2495899	0.2413123	0.2848985
0.1615593	0.2364808	0.1571174	0.1871218
0.207486	0.08306598	0.2266895	0.07150721	0.1425016	0.1249055
0.2511559	0.1813138	0.2219707
0.1559544	0.2151637	0.2259147	0.1231197
0.2224671	0.1855266	0.2187763
0.1821447	0.2184789
0.184572
0.1825548	0.2296047	0.1910277
0.1965211	0.2027933
0.2225365	0.1781917	0.2522506
0.2023196	0.07074013	0.1585209	0.3234082
0.236971	0.1858329
0.2288749
0.162157	0.2348156	0.2008247	0.1893463
0.2015426	0.2630958	0.129817	0.2617763
0.2008858	0.2197632	0.1907345	0.2142116
0.1526886	0.1866526	0.135835	0.2151917
0.1989519	0.1845503	0.3279155
0.1882138	0.180706	0.2887006	0.1682367
0.1736096	0.1647898	0.09714785	0.2724006	0.1847521	0.1359959
0.105387	0.2355694	0.3209342
0.1502817	0.1843448	0.2730805
0.1934159
0.2857	0.213905
0.2308292
0.09262872	0.2252256	0.148945	0.0510939	0.2368683
0.2145009	0.1723962	0.2046218	0.130724	0.1855916
0.1899651	0.2028825
0.1741574	0.1650143
0.2313509	0.3167283	0.1770659
0.2334281	0.1525938	0.2757319
0.2310634	0.242961	0.2894062	0.04647488
0.2778484	0.2630513	0.2542911	0.1477924	0.2421899
0.1788979	0.228005
0.2592443	0.1918016	0.1620501	0.2467134
0.2381788
0.08380794	0.2349871
0.3060844	0.262789	0.2216937	0.2807203	0.2183016	0.2068189	0.2061165
0.1721051	0.2193249	0.2390995
0.1103716	0.2176381	0.1293985	0.1806451	0.1848652	0.3038727
0.1260479	0.202819
0.2236139	0.1575639	0.07329919	0.175128	0.2000844	0.2509955
0.1835357	0.1333369	0.2072147	0.1538049
0.07151343	0.2142095	0.1949173
0.2035097
0.1613507	0.1208497	0.1339601	0.1853069	0.1109713	0.2131227
0.1429459	0.1887178
0.1663557	0.2237707
0.3359679	0.2172788	0.2418224
0.09624618	0.2324806
0.3484121	0.2180817	0.1874169
0.1352039	0.2387988
0.2643133	0.1589754	0.3076384	0.2083245	0.2253381	0.2850108	0.1541597
0.274348	0.1176641	0.2719998	0.1524913
0.3038087	0.0816758
0.2576322	0.08936752	0.2894612	0.2241272
0.2427219	0.2258563
0.3666569	0.191421	0.2604467	0.1121248	0.2604554
0.1012923	0.2010849	0.2112164	0.2316114
0.2997371	0.1568637	0.2689911	0.2387906	0.236188
0.2983948	0.2103294	0.1431901
0.1144163	0.2067904
0.3438861	0.2778825	0.1364484	0.1919116	0.3234243
0.2808584	0.2176081
0.20836	0.1785648	0.2069164	0.1835476
0.07762882	0.1784929
0.2592055	0.2209763	0.3766062
0.1842424
0.2017617	0.1969594	0.2319823
0.1215493	0.2030155	0.1906788	0.3323025
0.2087773
0.2024731	0.2179744	0.1037734	0.2243494	0.1610318	0.1827979	0.1787027
0.1458845	0.1271514	0.2140931
0.2529286	0.2054005	0.1820401
0.2257959	0.2658164	0.22528
0.3060756	0.2031767	0.2244764	0.2898434	0.181848
0.1562024	0.2266295
0.1474916	0.2142287	0.1706516	0.148032
0.2376623	0.1789439	0.1624421
0.2089248	0.1566661
0.1338724	0.1993101
0.1658769	0.295577	0.1993095	0.3341926
0.2400337	0.2751707	0.2725116	0.1704813
0.1181051	0.257861	0.1638123
0.218557	0.2428858	0.1152592	0.3078371
0.2560559	0.1811742	0.1238743	0.2854181
0.1612166	0.2176595
0.2823509	0.1557986
0.3046418	0.1961696	0.3426876
0.1050939	0.1952694	0.2432505	0.2387409
0.1855318	0.201088	0.1020544	0.2222728
0.1186657	0.2053945	0.3448834	0.3248158
0.1172984	0.2065307
0.148652	0.1955712	0.1791396
0.1232718	0.1847584	0.1318975	0.2828553	0.3002083
0.1696118	0.1966324	0.1476187
0.1783944	0.1763121	0.1863781
0.2266913	0.1898726	0.2100002
0.1722378	0.1559116	0.2365861
0.2634648	0.2077932
0.1601601	0.2120081	0.1221182
0.1574787	0.1799971	0.1943967
0.1321364	0.246097
0.2128411	0.2513022
0.2466522	0.2701914	0.163694	0.2460691
0.280429	0.2409248	0.1990947	0.1415568
0.2316529	0.1993075	0.1359517
0.1385231	0.1562879	0.1923486	0.3373928	0.2277584
0.1813111
0.1978593	0.166319
0.1521852	0.1924022	0.05528278	0.1253422
0.1897584	0.2246909	0.1864937	0.2160493
0.2971894	0.2122767	0.1008049	0.2166059	0.214945	0.2406073
0.2054537
0.221817	0.2227083
0.2293384	0.2164935	0.1710274	0.2951204	0.2076795
0.1466794	0.2834046	0.1518159	0.264998
0.1982521	0.1889042	0.1529546	0.2266232	0.2764327
0.1836248	0.2286019	0.1582504	0.1794351
0.2897429	0.1961293	0.1578566	0.2264342
0.2017074	0.2150127	0.1636313
0.1577933	0.1773904	0.07510543
0.3324701	0.2048188	0.3433311	0.235898
0.1764971
0.2042346	0.1369982	0.2366166
0.1516759	0.1791043	0.1873888
0.1892736
0.2218792
0.2287309
0.2561298	0.1596902	0.2140235	0.2048491
0.1121916	0.2036586
0.1557896	0.1830801
0.1184727	0.1358186	0.1947542	0.2066353
0.2280883	0.2376607	0.2662736	0.1409027
0.07696573	0.1858403	0.1157031
0.1021005	0.1892294	0.110101
0.139412	0.2409864	0.2242418
0.2082781	0.2099807	0.147233
0.09957043	0.1790868	0.19591	0.2020751
0.1095667	0.1968386
0.2073026	0.1811274
0.2011091	0.222621	0.2102134	0.2964967	0.1583547
0.2024588
0.2669489	0.2077146	0.09825368
0.1069622	0.2296217	0.3010299
0.2413139	0.2382042	0.1320107	0.08343416
0.2648227	0.1509133
0.2033352	0.14651	0.3084549	0.2444631
0.1419527	0.1804
0.2074582	0.1131222	0.1702152	0.1537743
0.169685
0.095973	0.2725317	0.170557
0.0679008	0.1662485	0.1907222	0.2326245
0.1822701	0.1613828	0.1135823
0.2374555	0.1952836
0.1062972	0.2064717	0.1851921
0.1692548	0.2339983	0.2122612
0.07896953	0.2354385
0.1959176	0.2094434
0.2312618
0.1270066	0.2099954	0.2360268
0.1860472	0.1789121	0.138493	0.3762473
0.1816767	0.2196599	0.1714406	0.3368759	0.1766863
0.1583706	0.1894618	0.1947902
0.2075715	0.2043568
0.2173837
0.1816452	0.2398779
0.1422774	0.1730311	0.2150435	0.1564662	0.1727397
0.1403661	0.1297483	0.2396584
0.2088157	0.1983389	0.185282	0.2384079	0.2227972
0.2004258	0.1494891	0.1832709
0.2159138
0.214325	0.2042557	0.1593974	0.234523
0.1786601	0.1863471	0.1951452
0.2632912	0.2042595	0.1320437	0.1881862	0.2395427	0.1567529	0.1430419
0.2102014	0.1977581	0.3602555	0.3129741
0.150116	0.2173961
0.1812831	0.2007155	0.1063362	0.1325098
0.1026527	0.3063546	0.2296071	0.2111231	0.1813261	0.1685354
0.15269	0.1877958	0.1255749	0.2003177
0.1768709	0.2689384	0.203309
0.2081064	0.1719911
0.08489553	0.1962651	0.172901	0.3812393
0.1989113	0.1868193
0.380714	0.1759269	0.09066189	0.1378296	0.2185706	0.2092134
0.07468054	0.1839746	0.1320974	0.2470165	0.269242
0.1674108
0.3679533	0.1586061	0.3118666
0.2315022	0.2172484	0.1313181
0.2927736	0.1475847	0.1830736	0.2765662
0.1788647	0.1873054
0.2500065	0.165328	0.2557255	0.2868444
0.1848058
0.2290703	0.1910564
0.1606909	0.2012873
0.202671	0.2043511	0.1365749	0.2347521	0.2215717	0.214165
0.3431133	0.1826846
0.2318005	0.2484777
0.2387899	0.2087787
0.3231481	0.098037	0.2176985
0.1326803	0.2021695
0.2001508	0.2107055
0.1860986	0.2016046	0.2039338	0.3113345
0.07986259	0.1893217	0.2057638
0.1346355	0.2002978
0.27409	0.2332152	0.08420814	0.07836132
0.2467681
0.1806411
0.118221	0.3020467	0.1736047	0.1002467	0.1442516
0.1438977	0.1509147	0.2233879
0.2213978	0.1929386	0.173433	0.09523637
0.220468
0.187755	0.2326618	0.2212685	0.2749485	0.2354929
0.244927	0.2267174	0.137935
0.2260841	0.1985336	0.2481708	0.1605283	0.2760026	0.1550232	0.1270706
0.2575835	0.2013774	0.2153113	0.1938995	0.1776558
0.1482415	0.2381397
0.1644717	0.2070915	0.1774747
0.2091648
0.06770349	0.213316	0.2094815	0.1894138
0.2556157
0.2728279	0.351953	0.1777446	0.2017859
0.1518228	0.1945454	0.1227444
0.1047268	0.2223086	0.1399604
0.2642471	0.2200056
0.0977778	0.1891232	0.2738675
0.09701847	0.1801718
0.1013024	0.1643722	0.3963362	0.2436335
0.2955455	0.1855336	0.1058228	0.2842735	0.2496211
0.1642998	0.2234304	0.2491953	0.1600621	0.2574414
0.2785449	0.1769262	0.1745449	0.205762
0.07517759	0.2120348	0.1799273
0.1214364	0.1782518	0.1464939
0.1084285	0.1832336	0.1229916
0.3358394	0.2002863	0.2334927
0.2312453	0.1769715
0.2402054	0.1838658	0.1426991
0.1253251	0.1703463
0.1693088	0.1726213	0.2066155
0.07817086	0.1307746	0.1895067
0.169119	0.2309526
0.07183732	0.1843555
0.1813253	0.1797862	0.1381736	0.1150964	0.2504896	0.3417898
0.2400321	0.09685103	0.2373236	0.1831222
0.2483432	0.1878392
0.2512399
0.186808	0.2653944	0.2052413
0.1834516	0.1534773	0.2020153	0.3735598
0.218773	0.2094626	0.1706727
0.1437163	0.2145679	0.2427664	0.2804341
0.2450762	0.1221366	0.2350043	0.3239122	0.2494425
0.1497823	0.1457533	0.2248438
0.247596	0.135292	0.2471725	0.252964
0.2501086
0.3575363	0.2107616
0.2311734
0.1092716	0.1965227	0.2594695	0.212978	0.2447779
0.1737109	0.1385781	0.2656524
0.2208259	0.214247	0.2784102	0.1585332
0.09243304	0.2193387	0.1672934
0.164215	0.2708253	0.1982395	0.1736782
0.1664617	0.2745448	0.1659205	0.1459281
0.1537343	0.1501543	0.262012	0.276294
0.2367761	0.2217292	0.1556271	0.3085576	0.2782916
0.197101
0.2035486	0.2261518	0.1272734
0.2359739	0.2068945	0.2432734
0.2853888	0.1832729	0.2555787
0.1658786	0.2180272	0.138221	0.2064208	0.2951415
0.1757232
0.1268795	0.2115018
0.2043328
0.1755899	0.1716039	0.1133185	0.2811704
0.3031227	0.2721353	0.1908358	0.1595857	0.1068066
0.1694198	0.2244609	0.2460688	0.2989671	0.1364478
0.2013865	0.2907925	0.2334338
0.2507172	0.2131039
0.1948137	0.1953333	0.1192383
0.2065676	0.1624662	0.1236293	0.1046469
0.377405	0.1233727	0.2041281	0.2090886
0.1693022	0.1930362	0.3566005
0.1820817	0.1819649
0.2795493	0.1929	0.1988754
0.1898422	0.1893731	0.2486232
0.1820769	0.1497732	0.3433937	0.2266996
0.169984	0.2491479
0.1044403	0.2275404	0.2129313	0.2711367
0.1252652	0.2065635
0.2878627	0.1565627	0.1074191	0.316384	0.1314961	0.2146978	0.121245
0.1313002	0.2029545	0.265984
0.08757461	0.1937254	0.2552741	0.2144395	0.07284154
0.2140923	0.1998321
0.1918256	0.2405197	0.2461555	0.02600912
0.1857011	0.2680848	0.1318415	0.3083183	0.3011432	0.2593494
0.2621998	0.1678649	0.2164119
0.2383462	0.3615382	0.2278209
0.07108961	0.2819267	0.2007338
0.08582943	0.2688057	0.218445	0.1395972
0.1703312	0.1972903	0.2316171	0.3010414	0.2096812
0.3188678	0.1923274
0.3143797	0.2045519	0.1268334	0.2910477
0.1573756	0.2170118	0.4412323	0.20622
0.1754613	0.368941	0.1723451
0.2475595	0.1879476
0.17549	0.2099739
0.1544808	0.1635048
0.2167667
0.2678516	0.1822032	0.1404296
0.2169882	0.1587388
0.2189108	0.1781951	0.08160396	0.2830009	0.1412181
0.08379268	0.1349712	0.2121529
0.2446864	0.2381181	0.1502113	0.2802915
0.2485341	0.1956633	0.2106764
0.207751
0.2653382	0.2035059
0.241296	0.2269456	0.2105609
0.1527747	0.221279
0.137994	0.1980665	0.1496408
0.2494369	0.2151875
0.1110243	0.2796517	0.2977345	0.187371	0.1699665
0.2869533	0.2308354	0.25241	0.2764649
0.1323348	0.2248527	0.1592783
0.2078207	0.1104871	0.2201945	0.1981694
0.2891629	0.1712763	0.1230924	0.2609944	0.3072533	0.2138414
0.09610404	0.2355807	0.2384751
0.2339901	0.1859767
0.1864534	0.2104253	0.1616605
0.2097115	0.2110833	0.2002817
0.05170277	0.1930276	0.1361185	0.3104097	0.1533816
0.05363919	0.07427396	0.2098843	0.2182346	0.2772719
0.3193718	0.212148	0.1551811	0.2486037	0.1401125	0.111959
0.1723395
0.2518534	0.19707	0.1047739
0.2759214	0.1813385
0.2927609	0.1904331
0.180113
0.2348219	0.2430265
0.1988559	0.2193916	0.0784943
0.2007038	0.2010861	0.2793869
0.2662394	0.1956896
0.2924995	0.169766	0.2104435
0.2533066	0.1806353	0.1802567
0.1339019	0.1792219	0.2343194	0.2243661	0.2670723	0.1562168
0.2371845	0.1829635	0.3393293
0.1712209	0.1751264	0.3236002
0.3700262	0.3385109	0.1069181	0.1870794	0.1612991	0.1788652
0.2500962	0.2139724
0.1858471	0.2458805
0.2045208
0.1930799
0.06261044	0.1908227	0.1331054
0.2825326	0.1169179	0.2397999
0.2878622	0.06864753
0.1484342	0.0664454	0.2885428	0.2190195	0.300154
0.2593923	0.1074339	0.2625576	0.1680247
0.188779	0.1520432	0.2753421
0.2355663	0.1579328	0.1588575	0.2770977	0.4111666	0.2250039
0.1903501	0.2220661
0.1846972	0.2256191
0.2469619	0.2148051	0.1990752
0.2072652	0.209584	0.1474005	0.1910408
0.2519664	0.1843548
0.2498664	0.1559278	0.2383135
0.1640526	0.2588252	0.1136462	0.1968368
0.2487271	0.2751026	0.1802624	0.02829191
0.1517125	0.285343	0.2044642	0.1812319	0.2583758
0.03455884	0.140157	0.2270058	0.2798261	0.3646511
0.2767738	0.1437182	0.2600096	0.299434
0.1885413	0.1270419	0.2645673
0.262987	0.2361886	0.166847
0.2716254	0.2591707	0.3219413
0.2706559	0.1894005	0.06889324	0.1137101	0.09850006
0.1478243	0.2295035	0.1973112
0.08831068	0.1960685	0.3070033
0.3223955	0.1869903
0.2260616	0.2076991	0.1001617	0.2555826	0.142174
0.1771691	0.2140581
0.2054933	0.1830403	0.08730885	0.1380587
0.1783128	0.2459324	0.2549824
0.2174741	0.2138024	0.06375048
0.1298997	0.05379093	0.1824693	0.233222	0.220376	0.2359937
0.2559622	0.1422798	0.2364421	0.1589591	0.0705223	0.07228616
0.2989477	0.2179061	0.1365423
0.2400521	0.2104297	0.1078163	0.2401723	0.2729443
0.1999564	0.1355821	0.2923287	0.1986985	0.2139985
0.1755685	0.2790351	0.3224757	0.1904252	0.169307	0.2035243
0.2064694
0.1261249	0.1780404	0.1908621	0.2452885
0.1515878	0.1877556	0.2769672	0.2845038
0.05951688	0.2301874	0.1552483	0.1614591
0.2108147	0.2914583	0.2609503	0.1015508	0.1703337	0.2910562	0.1242383	0.1662932	0.2374538
0.238672	0.1369476
0.119782	0.1763344	0.1733238
0.1474913	0.2066649
0.1512054
0.3896183	0.1645734	0.1474409	0.2031872	0.2578509
0.2757209	0.2349986	0.2327639
0.2971951	0.1672886	0.2622327
0.2978146	0.1230932	0.2745805	0.3711907	0.2993108
0.202188	0.2517534	0.1938257	0.1322137
0.3133785	0.1968541	0.1677904	0.0615497
0.1398254	0.158335	0.2343104	0.1451087
0.1339864	0.1623253	0.2516896	0.3341065	0.2332711
0.147428	0.2697061	0.1964409
0.1993134
0.1180328	0.1956551	0.312479
0.1572023	0.2989775	0.2435783	0.1567964	0.2259722	0.2553142
0.2359302	0.2052738	0.1821665	0.2676322
0.2085279
0.2028864
0.3127074	0.1209488	0.1865604
0.2027199	0.2447462
0.2695218	0.234534
0.2606695	0.2236462
0.1469901	0.2554592	0.1784969	0.1403772	0.3203741
0.1572647	0.239408	0.2284459
0.2126183
0.09154437	0.2051632
0.2686196	0.1988013	0.2993702
0.3525302	0.1273964	0.1881807
0.2613445	0.2325718	0.1586197
0.09641941	0.1785085	0.2883315
0.09930125	0.2050968	0.2702918
0.04120652	0.1774466	0.2321684	0.1276992	0.1309169
0.1401434	0.1884153	0.2752198
0.1555637	0.201791
0.159633	0.2207463
0.2237425	0.1945387	0.2024396	0.2077026
0.2056577	0.1384447
0.02610242	0.2040489
0.08303836	0.329083	0.1908153	0.09577336
0.1594959	0.2207233	0.2530082
0.1303375	0.08844922	0.1953513
0.1575113	0.1599835	0.2276312	0.043689	0.2237205
0.2859804	0.202581
0.2104469	0.2194498	0.2432692
0.1952567	0.1948649	0.3163986	0.2085674	0.1739367	0.3538823
0.1457625	0.1894553
0.1772803	0.08964561	0.1148657	0.2147348
0.1916963	0.2181545
0.1991682
0.1998465
0.1182307	0.2667546	0.179524	0.3777816	0.1267075	0.2937332	0.3166174
0.1309342	0.2088661	0.1287084
0.3051095	0.1984744	0.1530702
0.1859568	0.1208365
0.2406629	0.3058358	0.2251784
0.2441721	0.2423228	0.1335673	0.2152944
0.3272024	0.1929709	0.1198763	0.2117315
0.3044929	0.207966
0.1651177	0.2569287	0.2488428	0.2222624
0.1721579	0.2283304	0.09666194
0.1223544	0.1510678	0.2628474	0.2657994	0.1794241
0.1681112	0.1692885
0.2034323	0.1860265	0.133848
0.2039003
0.2169678	0.2572718
0.2142983	0.2062917	0.3292874	0.432205	0.2644215
0.3238134	0.221685
0.151171	0.1922496	0.1203738
0.2186607	0.1988164	0.2221981	0.1761448	0.1747184
0.1965487	0.1528917	0.3832673	0.1452344
0.1647133	0.1911387
0.273125	0.1979877	0.1773377
0.3794183	0.2236191	0.08040387
0.4037221	0.2133725
0.1421732	0.2696397	0.2272874	0.1467992
0.0864306	0.2034256
0.2685832	0.1935911
0.3329861	0.1585868	0.1808871
0.2810405	0.2187405	0.1601824
0.1293617	0.1235375	0.1839695	0.1492786
0.2632742	0.2132108
0.1012442	0.2033653	0.1725408	0.1492297
0.1625037	0.2069182	0.2112179	0.1294336
0.1624963	0.2024806	0.1147317
0.2073885
0.2305656	0.2676561	0.1806404	0.1851048
0.09153859	0.2136206
0.237138	0.1961538
0.1237346	0.2397039	0.2267825
0.1827934
0.2251833	0.196077	0.245143
0.1367062	0.2389846	0.2766057	0.143377
0.191558	0.1870385
0.1513344	0.2453521	0.1833935	0.1840364
0.202263	0.1617178	0.2164819
0.1522256	0.2303464	0.2086067	0.144069
0.3160229	0.2157012
0.267769	0.1284755
0.2198169	0.2135789	0.2854751	0.1682869	0.3745553	0.2493219
0.2401759	0.1962495	0.2967753
0.1224179	0.1884916	0.3105415	0.2733958	0.1945521
0.2042099	0.2435278	0.1891256
0.2260511
0.08752859	0.1734143	0.1744815
0.3129468	0.1985548
0.1571414	0.1779904	0.248869	0.1101698
0.04765988	0.1996626	0.1524485	0.1504574	0.2122241
0.1545395	0.2335581
0.1373848	0.234751	0.2714687	0.08884415
0.2099521	0.2394543	0.1711285
0.263312
0.2513722	0.1694282	0.1796642	0.1607788
0.3046749	0.155691	0.1888892	0.1605725	0.1548044	0.1676094
0.1968798	0.1957909
0.06282075	0.1699586	0.1585639	0.249476	0.1845882	0.2436625	0.08112938
0.2567155	0.1668191	0.2150506
0.119666	0.2023918	0.2721754	0.302517
0.2343443	0.180936	0.108544
0.2356895	0.1051699	0.2129311	0.2145545	0.3021855	0.1542607
0.1966654	0.2450946	0.1078006
0.2000281
0.1938834	0.2350642
0.2195241	0.1356505
0.2393862	0.185495	0.2375893
0.1777451	0.2063855	0.2017201	0.1806422	0.1780786
0.1984895
0.26165	0.1621188
0.1949386	0.18628	0.1309397
0.1094136	0.1675303
0.09258873	0.2178309	0.2556012
0.2144982
0.1236895	0.1818901
0.1871333	0.2486136	0.2110644
0.1735093	0.2135551	0.1318106	0.2438738
0.3017508	0.2066303	0.1357031
0.1719646	0.166284	0.2208544	0.3894407	0.04842073
0.2939972	0.2954809	0.1388293	0.1596298	0.2986286
0.2057645	0.1503754
0.2142288	0.1990334
0.1370083	0.1530481	0.2032681	0.1634413
0.1449068	0.2029141
0.2709685	0.1789805
0.2835402	0.2083295	0.2165169
0.2240598
0.1417348	0.2739483	0.255539	0.1996332	0.2028483	0.3102097	0.3140183
0.1789958	0.3044746	0.2777959	0.3051422	0.2548593
0.4222755	0.2623994
0.2080881	0.2547889	0.3054589	0.1642135	0.1958433
0.1536144	0.2558721	0.1934583
0.187256	0.275924	0.2414271
0.1946825	0.2279384	0.1507372	0.1635947
0.1760854	0.1148379
0.08546567	0.1955881
0.2581103	0.2108861
0.1495224	0.1899363	0.1087616
0.394064	0.2030247
0.1834424
0.1264233	0.1829747	0.1716972
0.1433538	0.1276112	0.2457303	0.2568474	0.2018583	0.2213707
0.2810119	0.1937529	0.3528923
0.292999	0.1723253
0.2357897	0.2240718	0.1977145
0.213345	0.1982586	0.2139581	0.1506023	0.08704918
0.2582528	0.2108268	0.1342248	0.1851652	0.2504286	0.1662422
0.1862267	0.1968411	0.1651565	0.1162631	0.129496
0.1912655	0.2144512
0.2416513	0.3409968	0.1318117	0.2964725
0.2098597	0.1280796	0.2973958	0.2679468
0.3221205	0.1256285	0.2762453
0.3591636	0.1664344
0.3395368	0.2221102
0.2364295
0.2546494	0.2107282
0.1808702
0.1300481	0.1585035	0.2230241
0.2076463	0.2092191	0.1198365
0.262471	0.2106697	0.2345019
0.1443508	0.190855
0.1754025	0.2027468	0.1684142	0.2281274
0.2259828
0.2356147	0.2484559	0.1593644	0.2714543	0.1674387	0.2497171
0.1034012	0.1582199	0.2341086
0.1651511
0.2829781	0.220181	0.1803219	0.1118395	0.1339219
0.1687371	0.2451905
0.1813032	0.2317621
0.121538	0.1949387	0.2098609
0.1822153	0.1785511
0.1864104	0.1670978	0.2267616
0.2679934	0.2511628	0.2308092	0.2268296	0.168038
0.1674775	0.2035082
0.2008397	0.1210066
0.187514	0.1788444	0.2665365
0.1920686
0.1980087
0.219957	0.1952631	0.2175835
0.1046323	0.2003673
0.1513832	0.1680277	0.1135069
0.1362147	0.1758352	0.09653316
0.09402209	0.1773509	0.2692772	0.1649285
0.2875143	0.2409865	0.1905256	0.2403479	0.2215835	0.3069625
0.2256591	0.1892889	0.1521875	0.2267012	0.2620341
0.2048667	0.1615854	0.188709
0.222963	0.1945191
0.2002883	0.1562722	0.1724567	0.1749845	0.08158361
0.1574669	0.197966
0.2994207	0.1756479	0.3048259
0.1926079
0.2778131	0.1899209	0.2096445	0.3084591	0.225526
0.2391343	0.2176193
0.2300332
0.1829723	0.2096204
0.2082354	0.2112028
0.1919404	0.1771197	0.1674688
0.2004444	0.2240081	0.1308819
0.2498512	0.1545988	0.2157209	0.3488515
0.1995258	0.07408518	0.2025647	0.3450947	0.2295874	0.1875966	0.2248749
0.3932523	0.218113	0.1490256	0.2130118
0.2507971	0.2350683
0.1853127	0.2516059	0.1914634	0.202829	0.0657001
0.1426354	0.1843913	0.2139373
0.193237	0.23035	0.1778231	0.2083157	0.1747961
0.17227
0.2549212	0.2367678	0.1199465
0.205097
0.1249836	0.2177546
0.2942608	0.1801824	0.1511603
0.4344474	0.2788801	0.1842113	0.1555836	0.2657388	0.1636162	0.1576482
0.1715764	0.2287192
0.1531863	0.2009628	0.1599109
0.2680799	0.1875752
0.1830119	0.2147007
0.349802	0.1947816
0.2086395	0.176903	0.1518699	0.2610773	0.226161	0.2225839
0.2057262	0.1633081	0.2174292
0.19698
0.2120928	0.1612027
0.1124418	0.1752875
0.139559	0.2561262	0.2271519	0.1622154
0.1618357	0.2019467	0.1409382	0.246816
0.2052784	0.2440594
0.2025105	0.2312753	0.1830114	0.3211383
0.2111569	0.2293465	0.2195815	0.2102884
0.1532006	0.1623936	0.1762794
0.3396985	0.2471131	0.2134521
0.1685163	0.1998599	0.1994329
0.1078519	0.2169731	0.2344405	0.2579927	0.13827
0.2560232	0.2066195
0.166717	0.2568926	0.2538623
0.2030704	0.2012495
0.1585633	0.200926	0.2286818	0.1865309
0.101323	0.1870042	0.08324395	0.2740501
0.1216424	0.1950355
0.2056743	0.1877167	0.1540013
0.1925321	0.210378	0.1073996	0.09811943
0.1623266	0.1915113	0.2311794	0.1378643
0.1289964	0.2159839	0.1335341
0.1913173	0.1824675	0.2312481	0.2583041	0.2272975
0.1714032	0.1962468	0.2410321	0.2324022
0.197094	0.1891902
0.2214479
0.2120479	0.1975125	0.2607099
0.2641131
0.2226604
0.1785691	0.2069986
0.2024103	0.1586174	0.2308049	0.235173	0.223329
0.140105	0.2124845	0.140517
0.1757215	0.1926387	0.3579476
0.1948551	0.1039515	0.193206
0.1698204	0.2264612
0.1616263	0.1966832
0.2083532
0.1572965	0.1896101	0.2336587	0.2340038	0.1794789
0.22817
0.1717086
0.2069424	0.1947239	0.3175154
0.2215947	0.2017738	0.2750451	0.2233145	0.1010804	0.2958079
0.287877	0.1924993
0.2918216	0.1429998	0.3032023	0.2508574
0.2522541	0.2510376
0.2432514	0.2696011
0.2298585	0.1658182	0.2223553
0.1745761	0.2265255
0.1881922	0.1785886	0.1496781	0.1431559
0.2422711	0.1824234
0.2081402	0.2622303	0.2073005	0.3190863
0.2895545	0.138634	0.2613776	0.2372926
0.1229084	0.2199494	0.2599442	0.2073086	0.03734973	0.2032287	0.1709816	0.2607477
0.2722305	0.1598375	0.1044775	0.2172054	0.2592312	0.2104897
0.2260949
0.1474864	0.2182013
0.1432266	0.2045586
0.2382572
0.1825755
0.1742388	0.2343905
0.1206155	0.1766405	0.1691694
0.2253056	0.2077541	0.2304639	0.1532693	0.2173772
0.2898912	0.1824548	0.2732277
0.249186	0.2611014	0.109304	0.1423364	0.1989319
0.1831113
0.2608545	0.2000437
0.3007657	0.2130588	0.2422166	0.1417189	0.2211208	0.3011868	0.3009189
0.1507016	0.2048039	0.1690215
0.2341295	0.1968643	0.1325153
0.1526874	0.1757254
0.303453	0.1962729
0.1496018	0.200794	0.1093595
0.2107828	0.1971729
0.3030396	0.1522849	0.1340978	0.2351265	0.1010345
0.2563122	0.2208178	0.2028293
0.1329648	0.1936006
0.201833	0.2292548
0.1585852	0.2063178	0.1282751	0.1973761	0.1309545
0.2556703	0.1923404	0.1463846	0.1705481
0.3010862	0.1928406	0.1171463	0.1522957	0.2252732
0.352632	0.1973392
0.2417164
0.2845878	0.2181779	0.1911953	0.3602924
0.1504686	0.2009318
0.1544727	0.2217285	0.2018475
0.2593733	0.2122647	0.20764
0.1002083	0.1795328
0.2378592	0.2085205
0.2582381	0.1860003
0.1748551	0.1920172
0.160662	0.2302974	0.2194881
0.2093756	0.1809441
0.1903819
0.1793652
0.1215357	0.1642648
0.1624095	0.2033125	0.1175472
0.2103103
0.2374184	0.2140367	0.2293206	0.2395641
0.1084656	0.1275126	0.2933209
0.2941786	0.2066627	0.2644355
0.1229079	0.1321516	0.2644598
0.08167992	0.2057268
0.2112015	0.2318764	0.2832374	0.1924787	0.1300299
0.1807946	0.1396814	0.2016764	0.2760853	0.1243027	0.1499604
0.2323875	0.1653221	0.08314984
0.205071	0.1570846	0.09754274
0.1651644	0.2366309
0.2078473	0.2126389	0.1364767	0.1976624	0.1962768	0.2918085
0.155295
0.1149115	0.1915774
0.1931019
0.2245917	0.228442	0.3802575	0.1595829
0.1773384
0.2178401	0.2203893	0.1662074	0.3248915	0.3344318	0.1348366
0.2200002
0.1869073
0.1221904	0.2338047	0.1959002	0.248079	0.3027452	0.1119963	0.1083129
0.2296406
0.2658885	0.1824909	0.2220246	0.1915188
0.1810856
0.1555355	0.2164045	0.1789697	0.1936476	0.2547728	0.3402766
0.2150713
0.2193649	0.1908222	0.03333214
0.2479383	0.2265787	0.1026155
0.04948008	0.2842854	0.1990858	0.2019084
0.1439766	0.1842923	0.1341585
0.2097187	0.2075253
0.1321144	0.1820474
0.1085906	0.1661574	0.2859012	0.2363764
0.1070907	0.2122384
0.1708183	0.1787003
0.09385268	0.1824627
0.1937538	0.211582
0.1677132
0.2067451	0.1838274	0.1883748
0.2007475	0.2113336	0.1911499
0.2152092
0.1657802	0.2203091	0.3306515
0.1602618	0.1662222
0.1243226	0.1933816
0.09799202	0.1717774	0.2372753	0.1358967
0.1969151	0.2099138	0.1787152
0.09256539	0.1926565	0.2597658	0.2036996
0.1587973	0.1980027	0.126072	0.3097029	0.2341661	0.2144731	0.07617939	0.1772446	0.282468
0.1196909	0.2284258	0.1559943
0.2875977	0.2593763
0.20768	0.1905534	0.2754805
0.279356	0.2227516
0.1986559
0.2229978	0.1871502	0.1248398	0.110145	0.1266249
0.1266684	0.1953842
0.1862074
0.1249338	0.2251502	0.2721559	0.1590408
0.1822916	0.2244638	0.09626581
0.1618742	0.1857339	0.106344	0.1520683
0.2193221	0.1991021	0.2941721	0.3066386	0.1730347
0.06417336	0.1025507	0.2009882	0.2190127	0.2065404	0.222865	0.3308134	0.1269467
0.1668417	0.245421
0.1142398	0.3512287	0.0306886	0.1981578	0.2300139
0.3463548	0.251584	0.2623322	0.1893522	0.2025832
0.1888563
0.1524132	0.2043039	0.1925595
0.1744724	0.2031023	0.2268516	0.1374801	0.1296942	0.1840229
0.2782691	0.1770631	0.1063632
0.1921054	0.2257284
0.243516	0.1721463
0.2254926	0.2729751	0.1297455
0.2105385	0.2077517	0.1650033
0.1917033	0.25266
0.177016
0.1611244	0.1932671	0.3558223
0.09100362	0.1986738	0.1987537	0.1123641
0.06740297	0.2346555	0.1901159	0.22964
0.1769677	0.2233345	0.2936893	0.2585725	0.2573148
0.1853856	0.2294783	0.1718233
0.396347	0.1896106	0.1424737
0.2148682	0.2169405
0.2238911	0.2319815
0.1320104	0.2084189	0.1744413
0.2000434	0.1832849
0.2418689	0.1569786	0.1523681
0.1784055
0.1241034	0.2254191	0.2956693	0.2364389	0.1973542
0.2866437	0.173501	0.2694672	0.1210906	0.04169198	0.2649142
0.1698233	0.1605789	0.2839861	0.1779167
0.2594924	0.1654206	0.2688873
0.2503316	0.1183372	0.2730031	0.3852337	0.3100436
0.2347289
0.2236835	0.1931575	0.2477662
0.1583872	0.235709	0.3288222	0.2221783	0.1673129	0.368648
0.1391469	0.1274836	0.2964795	0.2017334	0.2580885
0.2478673	0.1795123	0.242052	0.1693138	0.09826945
0.1058687	0.1633386	0.1149595
0.1526869	0.176816
0.06543464	0.1998178	0.2721988
