SurvivalProbabilities
0.04330047	0.0789816


0.03274044
0.04247129
0.05566658

0.05629363
0.06190486


0.07676309
0.06161793




0.01779503
0.08589492
0.09224247	0.09373829
0.09580948	0.01500178
0.07319672	0.06500159	0.04931976
0.1337698	0.052541
0.0512179


0.02321385




0.05497227	0.04465671
0.03944273	0.04657766

0.01421957
0.04256826

0.04360533

0.05125814
0.0319104	0.02196255

0.05080288	0.07897557	0.07453419

0.04567932
0.04554047
0.05292006
0.06249541	0.107123

0.03076325	0.05757025



0.07015141


0.04260154
0.0577613
0.03985253
0.0559244


0.02662234
0.01637052


0.02533921
0.04229011

0.01321807
0.03011358
0.09247841	0.06140917
0.1050777

0.05246551	0.0398546

0.04265764
0.03932702
0.05223216	0.02542755	0.03959798
0.03063457

0.0552982
0.03931581	0.03217902
0.06401301


0.02793167	0.04724433

0.05757303
0.02385138
0.01190876
0.07841267


0.06292179	0.05459516
0.05856732
0.04625827
0.03411972	0.04844932
0.04771083
0.08966996

0.09012683
0.0496983

0.07327305


0.0447296

0.0817736
0.04706211

0.07924703	0.04927605
0.06848596
0.03283916



0.06576036





0.04803282	0.05355302



0.03774727


0.01911191

0.1190543	0.07475492


0.0462584


0.05571022

0.04438198
0.03614897

0.04645352	0.02627319
0.03468595
0.0590944
0.07744415	0.03395575	0.06784528	0.09020159
0.03904754
0.06895172
0.05940207






0.0841891
0.03876588



0.01945885	0.04529883

0.0548948	0.0684203

0.08936197
0.06502783	0.07132253

0.07542107
0.07196975
0.08636506	0.03353246
0.04399561
0.04405474

0.09550491	0.01227193


0.03606689

0.02074116

0.08398688
0.03976216	0.02393326	0.05841128

0.03165453
0.04635145
0.03215434


0.0419028	0.01422178	0.053465
0.06761362	0.07205846
0.03427619
0.04276774
0.09307872

0.09836351	0.03833413

0.007356906

0.05879711	0.1099241
0.05073512

0.05604753
0.06129097
0.1015151
0.04441098	0.04549297
0.08467237
0.0603008



0.06317414
0.04708879


0.08698389
0.02731936


0.08050372
0.06068837


0.07182945

0.03691954	0.04878342




0.03569118





0.06449176

0.05234852

0.03366445	0.03622963
0.09241856
0.0330317
0.04822846

0.06829682

0.01631044

0.04557401
0.05093807



0.04760697

0.04461448
0.08623644


0.05629253	0.06781394	0.06533968

0.1029575
0.06373426


0.07649174
0.04513445	0.0504556








0.01965001


0.09857679
0.04101473

0.03365564
0.1068167

0.06366454
0.03817587	0.05508708


0.05805775


0.03205533	0.02420516
0.01980258	0.04953333	0.06889224
0.07378159
0.07000992
0.04324161

0.05799408	0.03683531	0.09085063







0.02645095
0.05918704

0.07851023


0.0445831
0.0613379



0.03660298

0.02631023
0.01989521
0.04285929	0.06867478
0.03604882	0.04426708	0.06719098
0.07158571	0.0507167	0.02566997


0.04139505	0.06654936
0.05023759	0.05258275
0.09651768
0.02227489	0.08130611
0.04700554	0.0375277
0.04945885	0.0464127	0.0704635
0.08461016


0.03054133	0.0271779


0.04726768
0.04005597


0.05131162

0.04795877
0.09701772
0.03446995	0.08012893

0.1047591
0.02199607	0.1132218

0.0514495
0.05829676


0.09178168
0.1379595
0.05508415
0.03946963

0.0386992
0.06004214	0.04740243


0.06275238
0.02532757


0.06124787


0.03495518
0.06425354




0.04349852
0.06070007	0.05203748	0.04350213
0.07783393
0.08588108
0.09670568

0.03949953


0.02369212




0.09330594	0.07166342
0.0613393
0.05909766
0.03719858

0.0497935	0.06660029
0.02573894
0.07511237

0.08693662	0.0652106

0.05416971	0.04981323
0.02876366

0.06460826	0.0478114	0.09386039
0.1012478	0.04317264	0.05489397
0.06272807	0.08517825
0.08301383	0.03007301	0.02482953	0.04338766
0.07373354
0.09694141	0.01949506
0.07439558	0.06253154	0.03992867
0.05905385
0.08567894
0.09067174
0.07929301
0.08824236	0.07755581	0.03859698
0.1095422	0.08522104
0.03823747

0.03830888	0.104085



0.02838745
0.07781262	0.04346112	0.05639906
0.1135428
0.09088981
0.05977498	0.06096424
0.0837503

0.05614226


0.06406283
0.03757526
0.05316584

0.04161245
0.06829487
0.03208952
0.05868645


0.04721175
0.05552156
0.02887612

0.02628493	0.06779819
0.04245949
0.03030099
0.08144673


0.05411726
0.01036273	0.09049833
0.0719403
0.09618643	0.06041591

0.007103641
0.05325967

0.05973796
0.01506563	0.04167761



0.05020602
0.03218002	0.07970408


0.04987524


0.114266
0.04156914


0.05910016

0.05707511



0.09054011	0.02274113
0.04690707


0.05267131
0.01776542	0.05391184





0.03580836
0.08728046	0.04885188


0.05327552
0.08384986

0.05508023
0.04097328

0.06542094
0.05579045


0.04443469
0.01594125
0.07880307

0.09681044	0.02025516
0.05055409	0.02679072

0.06606766
0.0916449


0.06329705

0.05732469




0.0563504




0.02575884	0.08486676



0.07637393

0.07071868


0.0449134




0.04755675

0.03778935



0.06638139







0.1077943


0.09717544	0.04374666
0.06303707	0.04922082	0.06851768
0.1292767	0.04645032	0.07394472
0.08278412	0.0760573	0.04020738
0.06414614
0.02940953	0.08899764
0.03938817	0.0422972



0.03393447	0.1065646
0.06173645	0.05972423	0.04161137	0.0524688
0.05193853

0.0640263	0.07412124
0.08130163
0.05390627

0.0690718
0.06144474
0.0398349

0.04362603	0.06005546
0.05597082	0.06652293


0.03151322


0.02690335

0.06951627
0.04124384
0.06802995


0.02241776

0.04762321
0.07762208

0.04009843


0.05183516	0.03849558


0.03957389



0.03579615	0.04483631
0.04218342



0.04583055

0.04989249

0.07183872
0.05306215
0.03506218

0.03502941	0.03804517	0.06905091

0.03590056
0.03896723	0.02651332
0.03717089

0.03757125	0.06301264
0.03177167
0.07109292	0.06677437	0.02881294

0.03852833	0.0286501	0.07972112
0.07499888

0.06524898

0.1106912	0.06451695
0.037956	0.03380229	0.07460417

0.02152851

0.04919591
0.08534194
0.04753947

0.05633322


0.04068064
0.0303323


0.06753814	0.03937626


0.039306
0.02333277

0.06996895

0.03465322	0.04087763
0.07214307


0.04739464
0.05037131
0.04503029
0.1019619
0.02065929	0.04563837
0.08091529	0.04392868	0.03805213
0.07390892	0.01831052
0.06630738
0.05409966



0.06506469
0.05663645


0.0259838
0.04243369

0.03968991

0.03945434


0.09246325

0.02860278

0.01712835




0.05862559
0.05310753
0.02543681
0.08548019
0.03880984	0.1129098
0.06393743	0.06510985
0.06369794	0.02932152	0.03589473
0.08011683


0.03119965
0.01093523	0.05045608

0.04969305	0.09028062


0.02342489

0.04826011
0.04316803




0.06074309
0.06159727	0.1147372

0.09498122
0.04112897
0.04184624
0.03924198


0.04463858
0.02569266
0.03064086
0.09249336

0.03254996
0.07909734	0.06029438	0.02361472


0.04137476

0.05822284
0.06243014	0.09605569

0.04798478

0.07483901



0.06919286
0.07438938



0.06988801	0.08869638
0.08260191
0.0702581	0.06228922
0.03659631
0.05552835	0.04154238
0.03996586
0.08964661
0.03487121
0.02165298
0.02974436



0.0465287




0.06051634	0.09642191
0.02576658

0.07386993

0.06060995


0.05589576


0.05531007



0.05804547

0.08808386

0.08632895	0.0400539


0.04150315	0.05475717
0.06235656
0.0632228	0.03860046

0.01050562
0.05811825	0.01563431	0.03367563




0.0500639
0.04774229	0.04008499
0.03887603

0.0528924


0.03734827	0.03607509	0.02020361
0.04122349
0.02989799



0.04784803	0.0459509


0.02421956






0.05652587
0.09085815	0.04410985
0.05902216
0.04055895	0.0350079



0.07335299
0.0880728
0.04606993
0.04281755	0.03999354	0.03217876

0.01746584
0.06487134	0.07930104
0.07015034
0.03805889
0.03837991	0.04671438
0.03283671

0.04730315	0.05943288
0.02472738

0.09615121	0.01998125

0.0168555
0.02907035


0.03859399

0.05674927


0.05515809
0.08232167
0.06608075

0.02472005
0.09841009

0.04978361




0.02867904



0.06992621	0.04332414

0.04150018
0.02566536

0.05869111	0.03444748

0.03834574	0.06464067
0.08441453	0.09087186	0.05158685
0.03851005
0.03237091
0.06675298



0.05149063


0.03056281	0.04913934

0.05463352
0.04014011	0.01803644


0.06600314

0.03175806

0.04078577	0.03560531
0.04770296
0.04743631
0.04950707
0.0508892
0.03971723
0.03932606	0.04225156

0.06303792
0.06835477


0.06148445	0.05418781	0.05614393	0.04839767
0.07469408	0.05414933
0.07591176
0.04725706

0.05648234
0.06016215
0.07052597


0.07716519
0.0368356

0.05201285	0.03750345
0.08915987
0.06453921	0.04159638
0.05674336




0.06411868	0.05537002

0.07728822	0.05124741


0.06337531	0.0356398	0.06480882

0.1147996
0.04660028
0.04637519	0.02048126
0.07367136
0.105234	0.0407356
0.06764213	0.06054701	0.02085131	0.08137504
0.04964321	0.05439681
0.05292005	0.03579267	0.03392273
0.08713973	0.05403004	0.01063712




0.0337822
0.07343495
0.02776998



0.03359563


0.06089801



0.06878933
0.05044094
0.04038223	0.04656799
0.04804428




0.05124785
0.09449432	0.03493744	0.04917281




0.06215475

0.0476204

0.05975184
0.03966105	0.05647459
0.05387653


0.02652978	0.03260538
0.05854696
0.03828739
0.04632325	0.05596819







0.04886759	0.05884817	0.05710686
0.03982332
0.02372015
0.04431015	0.04203626




0.04576451
0.04499107

0.04367996	0.04177936

0.06624342	0.06981856

0.06129512

0.04230859
0.08047572
0.02610421


0.04137402	0.06688469
0.04516339	0.01819075

0.05242431
0.06325391
0.05056555	0.01584253
0.0647276
0.06247432	0.01947962	0.07435928

0.06192699	0.03307992
0.06089547


0.03963887
0.03887585


0.02441195
0.05384706

0.08357227	0.07165558


0.09017242
0.03626797
0.1004785
0.04376244
0.04677466
0.0582431

0.04681073
0.02370184
0.04728869



0.01082611


0.03989117



0.05310612	0.03617954

0.07708904
0.05841658	0.05907381
0.02037785	0.04482748
0.1153178	0.05036891

0.06085603
0.03772013
0.02970119
0.03507124


0.04673641


0.03054969

0.06666428

0.04687714




0.03658016


0.07415206
0.08332841
0.05514668


0.07643798

0.02829107	0.07299454

0.0545587
0.05884831


0.01508254

0.03193136
0.05261105	0.09941119
0.04942406
0.04298396


0.09341259
0.02929005	0.0839972
0.06552552
0.04164705
0.04688698	0.05179939	0.07364032

0.04620501


0.05052563	0.04764458

0.0585482	0.0498133
0.06298108


0.1013912

0.1009297
0.05060961	0.08182521
0.05078153	0.01284969

0.1083425

0.08064574	0.0393387





0.1254664	0.04517927
0.02664162	0.06554851


0.07375306	0.05689676


0.02948789
0.04577983
0.03999377
0.05842351

0.04409122
0.04078489

0.09783385	0.05910861
0.05557889
0.05584584

0.02842769	0.04075581
0.02681911




0.04451084
0.09099723
0.03490914

0.04391069	0.03828332
0.04667855
0.03706326
0.04204289

0.03706476
0.0160158

0.04664866
0.06715012
0.05508922

0.04567338
0.02969445	0.02835722
0.06585149
0.07240532
0.1100171	0.07974646

0.0139849
0.05102643

0.09542101
0.03376046
0.03060082	0.03292999

0.03837173



0.04548939	0.06103834	0.02528089
0.07948594
0.05578016


0.03917005
0.03739335






0.09368064	0.06338057


0.05226786
0.1267532


0.04505517

0.05188844
0.01889951	0.01963841
0.09459066
0.04467537	0.08982706

0.0307046	0.05036579


0.07283359
0.01602464	0.08430005
0.04938114
0.0646307
0.07310932

0.05002212
0.03305044
0.04989336	0.0472809
0.0266671



0.02846485
0.06301186	0.03740002
0.04019995
0.0380124

0.06334816




0.02669506	0.0805556
0.04535209	0.04754505

0.01825705


0.05843222
0.08038344


0.05589592
0.05463321

0.05379045
0.08042369


0.03101658	0.03036597
0.03941491

0.02664046
0.03282058	0.04325952

0.09044527	0.1043111	0.02386299


0.0309995
0.04097087
0.02613555
0.04421326

0.07133432

0.05656449



0.04282959
0.04836586	0.06027612
0.04587079

0.02007389




0.07118041


0.04428165

0.06995657	0.03150136	0.04577449
0.02674249
0.08241107


0.06248995

0.02383795
0.04162211	0.02950238


0.04193608





0.07018309
0.09440339
0.03598257

0.04546746
0.08238669


0.04031666

0.03950262


0.03500152

0.05573251
0.06620426	0.0669184
0.02423177

0.04482201

0.05888461	0.05782684

0.02577258	0.04758829

0.06562774
0.04846236



0.06366951	0.06157217
0.03274967




0.03017571	0.1114003	0.0216095


0.04747022	0.05546701
0.1115856
0.04371254






0.07072341
0.03599916	0.05580292
0.03729055
0.0187192
0.03615993
0.01722868	0.03261987
0.09144471
0.03303206
0.0556324	0.04493673

0.03245275


0.05957513
0.05455022
0.0847682
0.06633477

0.05720957

0.03898648
0.03011683	0.0400572

0.0507404	0.06138674
0.0178814
0.05546637
0.07386726	0.1266198

0.05436639
0.06059861
0.04272925
0.0232147




0.04084802	0.04613717



0.04537529


0.01494649




0.05657603	0.03113359


0.04981755

0.04874984
0.05838368



0.04365066	0.02187655
0.06374974
0.04967596
0.1076959
0.04133201
0.04699279
0.05093419


0.0568472	0.1009589
0.05352643
0.06014548
0.06502578

0.06204299
0.04182706



0.09431181
0.02925844	0.05745512
0.0461824
0.06752886


0.03970874	0.04424069

0.02307017
0.04982691


0.07448805	0.08305249
0.0350753



0.04432063



