ExtinctionRateChangeTimes
44.07909	17.73008

30.49904	54.70616
7.565066	24.72425	56.03101	54.21286
49.38872	23.1246	54.20874	1.082186
30.11199
27.26499
42.83113	2.60785	42.14306	29.46865
48.73819	24.20542	34.02153	24.40194
9.565864
16.76429	17.20738
43.03874	11.75043

44.97682
35.13055	42.6753

53.67875

45.49743	2.602532	18.27334	27.69109
43.17374
39.91862	8.885769	25.03568	20.07101
10.55487
18.15438
28.94503	44.23968	33.43494	27.93873

41.90657
30.64492	15.93365
38.81566	15.86774	49.31535	18.22611
5.372523	4.659514	41.44837	27.21218	39.54789	55.72636
14.66658

35.9323	13.29701
45.43856	32.03662	1.027366	49.78353
14.48539	53.66034	9.405252
11.6051
54.94996	14.04179
52.94972
48.79547	10.95275	2.600471	49.23778
37.81451	41.40718	33.73654
43.6103
48.65566	11.19928	29.53756	34.6553
47.46831	45.34773	46.65641
52.08882	49.51221
39.21742	32.63967
38.00413
30.46835	43.17901	4.792859	29.73997
41.60643	38.15678	10.39986
11.10694
28.99755	27.26113	13.77743
4.812522	27.80679	20.69471	9.190077
21.0195
10.05275	45.15862
41.4676	35.6226
41.89929	34.18938	44.99778	25.16342
41.78261
37.71642
1.391166
40.28931	32.66191	24.81318	33.59831
44.46119	15.99967
46.31048	28.90964	16.34191
43.39308
42.61588	7.83605
23.77295

26.37832	52.2818
38.42716
44.44115	8.320355	15.88494
40.45444
17.08177	13.31555
11.62596	18.74347
18.48134	43.65272	7.799882	23.26174	20.90779
32.76778	51.27003	43.6961	38.84169
44.13389

42.70625
35.87292	11.936

33.88428	51.30766	44.62763
46.90108
43.81735	14.82695
32.76773
38.64336	12.99813	3.03325	2.239702
11.3065
42.20326	33.90546
35.14104	4.095894	24.28383
20.59822	46.56307
17.39796
44.24949
44.51693
30.2627
36.55129	8.555276
49.40308	10.32614	50.99861
42.2357	35.25298
42.99489	7.968539
19.87963	44.6261	0.9723991
48.24311	2.952748
23.0372	46.39831	44.7659	55.90218
39.68178	34.32343	31.91561

31.23449	14.69147

16.83986	1.910532
37.80293	11.93714
14.54279	39.48205
40.91951	5.385162	54.99463
11.72062	18.62933
40.69094	13.70258	35.28709	3.49046
5.026444

0.7210772
18.50872	1.564475
11.36251	48.32816
6.247813
36.33	45.52056	11.00246	37.00074
45.0321	16.87949

42.74224	12.85413	0.614999	23.13035
45.79336	18.48791
43.10149	18.5979
38.49933
43.80549	41.05328	11.02579	25.20717
48.79301	11.85746	7.655987
37.99411	35.85027

28.22162	15.67638	18.93153
9.197644	46.20475	14.57109
49.65988
18.02111	9.295506

31.28017	41.1571
7.412313

22.83349
41.00305
42.50306
4.47682
29.56639
37.60095	22.62039
26.53137	1.948241
34.36774	49.19097
42.97929	32.9732	20.97302	2.968855
8.256796	34.50817	27.22633

50.19928	39.21894

44.25207	20.17748	42.14179
47.54138	13.31989	39.75294
44.65125	37.25216	19.97341	43.51643	32.09434	29.6242
45.3084	16.22678	51.80412
53.62487
11.32437	44.34909
11.63097	53.80191	4.522992
14.31305	4.294125
42.67315
49.44419
42.13221
25.63145	52.09207	38.81832	45.62735
40.50003	34.25185	18.47891

17.09261	47.25496
22.88902	7.605771
43.42897	16.93413	30.44435	29.52653
45.18376	15.66328	22.37275
44.65863	4.695719
43.27855
22.16382
42.90768	32.0676
39.46441
38.80178	11.48406	34.62865	55.16926
24.5342
38.86362
52.25122	18.07125	20.99894	13.77211
28.1649
14.35594
43.23473
23.1755	31.06663	7.793175	3.425812
18.72325	54.75063


37.67261	22.33146
43.38625
41.76524	29.14233	6.862643	22.27475
45.73747	12.86868
45.48835	28.27227	54.10604
25.7651
21.94294

38.74769

27.53213	44.10276	38.51891
7.65566	55.56552
1.590878
37.62724	46.51446	9.552748
48.35453
3.306139	54.97439
53.98847	40.09983	38.50603	14.17795
41.05149
17.19952	12.11015
38.17401	30.17466	21.86464	11.70568
35.13385	53.07936	25.84948
43.97473	25.91127	25.55748
44.10811
20.342	46.36467	51.34824

42.63014	29.50098	36.94658
50.72817	30.60764	21.482	37.2433
41.12942	35.00623	6.211342	26.21934	1.509497

20.4984
12.57582	20.79757
5.645091	40.6911
33.76626
5.496691	24.3984	10.50835	6.662138
10.44892
52.05071	5.453684
41.0073
23.20634	35.95723	44.78665
4.469785	4.415725
48.26754
1.440686	26.50573	44.40639
10.56836
27.86974	47.14283
45.46769
24.68257	19.94555
18.51474
16.06571	49.33246	6.862983
45.11156
14.74339	40.894	31.9374	25.57104	4.176252

17.01762
23.89869
36.72007
43.59633	31.35158
37.67962	50.21179	25.65471
31.11745

32.82638	19.51515	0.8123869	34.94795
31.04063	44.26971
16.55703	31.22203	21.72921
44.56105	11.40934	43.93725
50.60945	49.34565
54.43894	46.17919
47.74411	31.29105
18.21478	24.65239
48.54792
41.20969	53.54118	4.898772
43.70763
5.00074	45.63119	4.030908
26.50451	9.685509	50.47282	55.57251
50.96706	17.83369	14.60168
26.49587	46.974	25.47172
45.23791	17.83599
44.21368
48.93186	52.62973	52.34844	0.3748765
52.94089	35.48101	20.26245	33.12742
12.49453
27.39507	14.28397
5.4537

11.22585
5.049415	54.77971
53.53511
12.12074	12.02463	40.06992
18.61908	49.76282	4.970587	10.79623	7.616534

45.32718
42.74096	40.51687
42.69911	36.6886	39.67476
44.19844	28.73943	2.286677	15.87045	25.65174	5.95379
44.40052
43.66386
43.52365	34.05859	20.19247
36.89057
30.60925	42.29943
19.79169	44.27686	43.64748
43.66249	20.24522
42.15546	33.15811	32.6445
45.01596
30.50228	44.15804	33.40872	49.24589	37.56721

41.469
41.40423	32.98792	20.87034
18.75843
50.85108	6.505453
53.63326	51.87962	42.74855
45.44493	55.64513
17.43469	39.44487	18.01615
42.36199	30.74674	42.30078
16.27754	0.6331587
6.995561
46.17242	44.25724	26.46053
41.01324	6.032508
38.43385	9.132568	56.17033
7.145892	22.55981
33.06818	41.5264	4.299915	28.92792	55.65748
44.15


30.18523	29.34789
15.89974	27.80392
12.64341	21.17685
29.77937
40.82962	39.92627
46.58766	51.53388
45.56025

17.92629


48.63915
20.65732
41.45869

47.25775	22.21498	26.15052
47.42402	32.61412	14.7819	2.010971	38.17872	17.1811	2.94803


47.63415
42.95895	12.85209
43.11402
17.1165	9.573055	31.49128
46.64821
45.07095
18.73205	32.33001	52.83091
46.67437	33.67648	27.1182
32.05205	45.23813
36.24654	5.976952	45.10865	34.99747


41.28066
43.91846
46.22416	43.21027
15.96142
10.28213	13.28449	34.06075	33.09781
22.36304	52.37598	24.25476	15.16997
12.34713	4.171686
39.66268	0.0245286
42.22323
28.20356	16.1814

4.350224
48.65153	1.614022
22.90191	34.0301	5.543742
40.18237
18.50854	11.28639
35.4273	14.07196
50.07337
45.39754
48.16297	20.99475	34.99947
32.5325	43.39616	16.52936	1.859778
17.28771	42.46081	3.248598	32.76833
18.30827	8.822002
41.53253	33.24259
26.3789	37.45666	16.83775	29.942
19.74086	47.17109	11.6945
13.2041

39.63656	32.18632	39.42508	54.2274
43.24524	8.890803	6.831396	47.11132	38.96113	34.23404
17.1291
1.637177
7.639072	40.79169	53.03465
45.3329	34.1416	20.86677	55.15425	0.5774201
11.00145

37.32104	12.47425



43.43826	2.522934
47.70162	36.44273	12.37748
27.81584	51.22574	18.55255
48.13679	43.99294
47.89895	19.73806
23.96261
39.75576
24.83718	30.25403
0.9358241	27.97109	25.35629	27.19094
50.92662	28.40472	19.8585
39.01561	21.79936
52.94597	15.55386
7.98269	46.8215
25.56468
43.31963
36.22123	11.89801	55.18733	30.129	21.48099
43.97181	16.16083
48.80176	38.9483	37.6661
38.70533	12.29061	15.23151
44.04743	11.36478	2.014217	10.93185	6.9318
29.50361	31.96186	50.69373
34.53981
37.80856
44.21968	8.326066	40.1583	36.38171
15.3346
52.51683	24.04993	36.46539	0.7603516	12.49984	6.472604
41.14753	25.98562	36.18751
26.47066	14.89092	29.74983
39.97596	17.84673	13.48487
55.23383	12.14271	44.19519	13.08517
34.92311	25.88843	23.63758	6.019986

50.10453	23.5084

16.95016	29.50555
16.20729
48.14088	0.8355763
16.64596
15.28954
27.54413	30.7082	39.99492	49.86922
15.8259
14.78038
49.0764	22.14268
49.6661	42.98067
33.17372
15.29219	43.65043	5.739495

38.45785	27.6261	43.5917	50.15583
44.18308
40.9744	23.49048



47.25473	46.23865	32.97544
5.406838
27.03741	32.07697
32.98564	4.474543	51.82155	10.53155
45.73702	5.580886	14.73927
34.50271	31.54275

21.97163	52.42171
29.87802	42.93562
48.13296	27.65673	19.87453	47.7493
43.0302
47.4863
42.86517	48.03487

20.96247	35.17716
11.73796	10.53593
24.33922	19.78619
35.38332
41.80397	31.88394
23.30284	11.27941	23.16742
23.90783	55.12511
43.48925	22.65559	23.99415
44.67411
33.11653	29.57427
17.70954
47.04664	20.60017	11.89449	15.50989
45.15117
32.51062	24.12083
46.17845	10.71602	9.848834
6.273503
2.780968
37.49762	34.63069
4.464198	8.934723
44.30077	1.441625
43.97868	35.56781	23.73442
50.46836	31.57913	31.28621
39.47432
21.37451	8.122997
39.85887
41.81404	30.11098
23.28084	29.5606
44.03355	5.258923
44.49048	19.19727	10.48487	49.04494	41.69365

33.75297
34.63762
49.01055
0.3798136	46.79266
39.03122	4.416355
10.74414	42.31861	34.68446	28.04327
42.56032	22.53673	1.675394	3.241118	25.43474
44.70464	13.53031	3.513056	52.56342

22.00582
36.27061
44.89344	4.008084	53.24148
8.571097	52.34437
11.44393	50.16593
44.46846
42.83325	18.94575

43.72016	38.35599	40.97003
42.9399	32.8774	18.86451	46.72684
39.31222	14.31052
43.41278
37.74891	29.59098	3.17303	55.59042
44.95736	39.96003	11.73466	15.88342
44.33121	6.969473
48.16799
41.57854	2.424665	38.50493
39.45242	2.622662
47.70651	41.25276	43.13809
6.699307
39.13009	25.91527

42.0645	37.09555	26.58292	33.3312	26.0447
49.73873	12.81867

45.52186
24.55669	21.7601
29.0012
9.545652	44.12468
20.69688
0.4902223

34.55711	43.27119	8.224062
34.13041
9.869375	0.6739323
42.57377
19.92994
46.12799	26.59089	20.20895	39.32186
36.83613	31.5212	25.93382	15.69979
44.47741	6.353854
6.111332	47.61085	33.90393
42.69853	20.44886	27.20321	34.88971
40.96953	22.21172	9.820006	10.24814	12.8611
22.43599	42.62873	30.26586
46.17158

40.19715	6.506168	0.3895634	24.75361
25.18303
40.09028	36.46235	22.48178
43.88636	49.62683
38.27719	32.28532
41.44168	40.28366
31.28012
44.47724
40.77698	23.7122	22.51699
33.80086
52.66809	31.56468	26.41978
18.31344	11.09545
56.03564	14.68949	24.03541
55.1912	38.83141	26.94393

43.15975	39.54752
9.940395	48.83953	38.66991
8.03847

39.0376	38.74286	36.61213
32.68289

35.45955	24.61078	43.03339
45.21041
40.04653
42.97836	8.319472	9.014509
43.79145
36.99289	6.758578	33.02449
17.51987
11.42409
43.86787	39.27272
47.50848	19.40683	1.173121
33.38605
39.99355	10.51733	49.77548
50.12863
49.79127	42.97392
10.48862	24.44463
23.12875	43.95942	0.4276807	28.94462
45.27704	8.545257	1.526638
22.14552	55.74256	17.73359
44.33743
42.75066	42.50242


36.40925
12.02543	5.863494	12.7323
42.51911	3.875509	38.48832	38.24285
2.428445	9.827716
15.92389
51.22275
43.52722	34.60807	43.18039
13.67358	35.52149


32.36431	55.93824	4.362537	2.939269
7.751768	36.43885	36.24606	1.097735
44.90759	35.40067	51.49868

44.55591	12.44846	37.91716
36.74195
45.26551	37.81459	39.32859
49.73865
52.59685	55.62837
34.51957	20.34599
21.82281
22.5036	36.06588	41.81612	9.164064	0.4554975
44.83517	5.635154	13.91584
45.27289
52.22027	21.33757	5.293248

18.81878
37.72377	13.03884
10.98109

12.35023
42.37888
16.80603
31.23678	7.399018	46.80095
8.0532
7.057569	6.14993	32.22278	32.11701
35.64785	47.8113
1.895171	39.53348	22.65149
23.61929
40.39593	22.03819	0.7251305

44.57582
40.71984	35.57847	10.1765	36.14178
52.75186	36.03167	32.78426
50.04427	28.9961	31.90968
39.60906	35.5502

3.933758
43.117	55.17026
45.56568	8.013718	19.73023	15.97723	9.738848
11.26912
55.32268
43.2615	11.35278
35.5266	34.10153	0.5766746
18.42787
23.85363
21.99653
8.395133	0.6497687	7.392623
50.52824

47.90574
47.9274	46.04303
17.28914
33.10991	0.3086271	37.77867
44.95991
42.37568	10.09846	28.45235
48.86601	2.172291	32.28856

29.31957	40.14508	38.85946	9.561696
21.34849	6.973482	16.59053
8.553786
23.63711	55.65112
46.81869
33.42511	42.25292	30.00551	24.45325	23.88488	39.53974
42.16065	0.1281775
0.1475066	46.32466
16.83066
10.94691	8.637467	2.121988
11.11864
43.57674
46.33384

11.77319	47.90375
45.42095	1.032524
20.92001	3.323433
42.27198
41.00139
43.09883
49.72739	20.96836	4.512432	32.3256
45.08549	28.02581	10.79688
11.40987
14.3662	54.97507
52.50907

46.47034
31.81939	31.31999	56.11268
6.377478
36.4842
42.69449
46.54293	14.69025	55.29909	22.19412
11.58566

46.43586
44.6216	12.3677	38.50118
41.26309	17.90245
32.06462	15.63835
41.46072	51.14519	33.80211
23.84468	14.58167
14.55361	3.187205
51.75651
41.05135	0.254956
22.4629

49.4476
54.68695	33.92088

17.62492	48.62494
11.83248
45.83916
48.007	43.3016
15.79436	48.48071	53.19287
17.64283

53.17418	50.62079
48.85373	41.92616	32.77192	17.37426	11.8952
8.95429	36.03683
36.90344
2.082548
4.813401
44.33486	8.54944	42.51581
44.86958
15.66132	6.394202	29.41772	8.63677	12.15311
5.100162	35.05591
23.02945	35.31725	44.21653	51.29402
43.3758	34.00641
40.93943
42.20986	1.51916
45.92571	2.513334	45.51347	1.65582
43.37273
17.45436	3.75562	32.61602
39.50688	55.34533
46.75434	16.15088
41.76166	55.86339	0.552035	47.12334
44.13432	4.071444

1.014208	54.04686

44.86425	16.93538	29.22944


20.70822	48.86184
47.00413
14.65808
12.44584	50.76304	20.66481
33.77624	44.85676	13.95829
42.15729	13.85571

32.64726	21.42377	41.54279

52.30376	39.0178	50.46663	29.2737
41.95909
28.21444	4.530404	14.86352
22.3289	28.09242
1.180463
19.21323	54.08158
7.147979	44.09531
47.83565	10.18143	8.08418
43.54986	55.00923
40.83333

46.81792
47.382
50.4963
43.46693	26.29888
42.98274
7.326853	5.916598
42.04011	39.88725
25.13804

21.40697	44.81776	32.45285
37.50614	25.81236
11.66962	43.42381
42.43293	34.12635	25.76623	38.2482	9.171204
41.46264	19.81756
45.33865
44.75175	0.1951026	7.717871
45.4057	21.80944	39.04087
42.61843	31.32879

16.2596	8.840203
12.1874
44.41562
19.15667	48.50749
44.37133	17.25791
20.66516	14.10154	55.51023
45.94898	11.44447	26.90443
45.7034	36.12855	9.893862	16.55254
43.26759	35.81801	26.11599	13.71207
16.51307	14.56028	5.983863
47.95652
46.15549
8.762383	40.86087
40.69535
39.7903	5.15561	32.47963	25.14601
40.78058	30.30339
43.12361	25.1671	20.72757
50.78411	16.64604

13.38327
44.14131	32.628
45.22353	5.149698	10.43242	45.04227
42.06134	11.86613	4.34835	16.86031
48.16985	39.23921	17.86551
28.92871
51.44858	21.65543
25.60592	20.06073	43.08981
46.9726	3.382892	8.483189
3.246284	0.1480198	4.811318
22.96862	30.51569	40.44598	52.07214	52.94326
45.48593	28.51849
4.212253	44.9978	51.0971

43.7377

44.40613
41.90684	20.04357	18.19827	18.38062
42.04879	6.660473
28.83719	17.29219
36.28045	48.29702	24.10663	27.81596
46.33419	47.70417
47.23684	15.27247
16.48156
16.64826
9.617632	1.520539
3.96416	52.71868
45.64993	37.8834
12.04359	50.82578
24.43533	29.55614	30.2651	50.44663
15.98965	9.101574	0.08056868

20.68296	40.17179	25.9076

30.90002
52.47063
35.39786
46.0619	13.55404	7.642059	13.36519

10.50253	7.120514	42.09955
44.94782	4.699269	13.81002	4.698052	49.82746	35.02153	8.641683	24.18172
40.01844	25.87329	16.10235
40.94072	10.90144	30.45705	54.20436	26.80479
21.58106	0.8962443
43.25633	30.83528
31.87642	8.235002	14.66888	12.05155	17.75707
48.34788	40.147	44.66487	9.347249



15.32578
26.63068
41.18997	16.27873	52.5148	33.90279	13.62162
41.01163	36.40083	21.27552	20.89053
49.30724
3.48216
44.34091	15.34857
46.06598	52.91906
41.14069	5.041354	6.21258
41.63715
20.33601	11.13904
11.23514	39.09124
41.99298	47.02053
40.5029
12.54877
13.53918	50.9283
44.11357	22.03797	19.23157

36.6483

8.471247
8.181538	48.66115	0.7807223	3.975701
34.37862	24.36359	6.395436
10.30603	27.6727
25.35859
42.37329	38.01307	37.46093
40.53358
42.62245	7.214542
45.77733
44.45853	5.74182	33.60108	42.68353
42.39968	31.27007
18.68962
20.29834	54.81728
28.13714	0.8545745	3.117064
39.11785	8.137791	26.65233	6.430164
35.80528
46.08092	42.59106
6.507958	50.91374
48.16705
42.45201	36.24125
29.71728	29.21821	6.180875	12.40018
37.408
17.88699	26.65638	15.41987

12.29835
38.32744	35.27514
40.20797	35.30917
0.1629909	39.01938
28.42573	3.366167
52.08901
44.18613	29.04163	54.3198
54.63324
37.76879
29.0329
44.99635	6.912495	44.28429

22.60356
8.066874	4.359579
53.32598
12.37596	23.245	19.387
15.16631	50.18128
40.77523	7.840935	41.56396
46.78541
42.38414	24.28601	35.9763	50.41084
26.15124	35.82895
40.88709	0.04100107
40.88335	53.58712	32.12283	21.5781	4.794649
38.08628	1.60399
40.49407	6.311653
46.0207	32.14004
36.56194	12.49469
48.10165	7.643793	6.837588

40.57815	31.84943	45.215
38.57145
42.2795	10.36646	34.37259
18.92639	48.59287	16.25805
9.186052
18.88103

39.03889
29.39544	44.12817	7.097717	36.16099
50.62673	7.465134	35.5183	4.033754
43.36219
46.35373	7.883193	46.80571	46.46975
44.06359
35.37552
43.5052
34.10568	30.58735
47.23697
18.27778	38.97529	36.18022	9.709008
43.3928	34.89956	52.83495
47.33354	28.32798	21.6216	25.1969
42.06742	8.131672	39.36832
41.90536
33.68808	20.49247	51.27128
54.852


50.08203	30.13704	41.79989
42.77641	2.785657
45.48785	9.420356	5.466697
41.84913	34.71453
51.89638
23.35127	8.229994
49.59707	4.674983
45.98388

41.50437

43.37113	24.29095	19.61883
39.50746
50.78467	10.87587	8.675513
1.317916	44.89665
40.97068	46.38751

42.56389	36.79952
1.89716
45.00322	24.39186

45.02456
4.047777
50.37075
47.86862
6.273847
42.45759	20.22036
44.43849	11.95045	53.39136	8.107801
42.18573	33.86815
17.41238	47.2355	54.45466	45.26596

27.53432
51.41102

44.65001	9.268558
15.60178	3.701166	47.03948	0.8914842
40.15068
29.72828	3.311255
7.13159
42.83094	27.88428	56.15277	11.2062
27.47974	17.96088
39.35088	14.82743
41.43284
15.94545
25.37578
42.95989


15.54333	5.728617	12.30445
41.62397	33.78997	18.47984
49.20311	29.09096	15.25935
43.36299	39.66241	1.749883
40.53056	31.13741
48.50239	4.601081	45.76589	30.03332	2.613622
47.46971	0.495524	5.838684	5.752733

2.935849
8.288059	39.03788
44.20589	14.82961	44.93087
46.11621	30.73085
54.22897	4.545742
45.70703	4.118173	30.53511	1.396979

22.85908

18.24829	46.77808
42.15672	0.2619021
45.79251
49.88764	4.608153	38.30906
41.58224
48.0115	29.61753	27.68409	12.49464
19.04398	22.05715	42.0412	29.7472
45.39887	34.00396
50.59577
39.65701
8.371979	0.2721942
43.36058	3.105638	5.018299	18.29316
37.78046	24.64708	36.98544
45.06868	2.980125
22.55673
50.81744	43.06192
2.577344
28.55596	19.26118
0.00238118
12.41702	56.04961

14.34042
24.04565
20.84403	35.76889	19.28211

34.07511	20.60113	18.71662
36.1768	52.44514

25.55375	6.949369	8.079857	4.023625
15.26404	32.73906
3.093733

36.42162
39.557	21.56716	43.32884
43.10695	25.26029
6.423335
25.28883	2.55147	9.556528
47.88575	9.40734	25.30253	27.91451	18.08166
43.4803	6.137841	11.97516
23.01549
11.91009


7.13078	31.62266	54.31652

5.423547	0.5580144
33.64432	41.30209	15.46388	43.08483
23.839	14.95981
42.56521	6.601914
43.28084	33.43027	45.588
44.85098	19.14675	12.55713
34.65422	39.74847	22.91463

34.04809	22.46136	23.53129
6.092154	50.07282
26.91598	16.90632
27.9055
25.08711	41.45198	40.52429
44.54167	11.56036	8.242606
42.19184	18.00306	49.81624
39.7436	20.99101
14.03924	46.03443

4.034314
49.39821
43.38669	17.79751	52.32461	14.03818
46.88427	20.92847	12.42191	12.70411
41.16578	36.02848	0.03458239
2.340568	12.80818	39.78625
51.14452
46.15009
24.05358	9.287846

44.32675
43.01343	30.31274	36.60694
46.57206	1.020535
39.99927

6.866691	22.39937
31.4076	41.07894	22.39649
43.97898
15.45579	6.346838
49.51308	8.649688	26.83815	2.520603	4.359392
44.67465	33.26116
41.38099	54.71445
11.05393	37.19779	43.79063	33.09558
4.204849

0.1927682
16.59289	3.516065
54.74457
23.45975
29.07774	42.21973
35.0989
19.74551	44.51622
45.49676
14.81207
41.84868	33.36148	27.21249	40.34964	5.559015
41.0201	10.27079
24.36947	2.869068
50.57382	1.140963	27.69028

12.623
36.6027	8.000706
55.02342	45.8535	9.343083
19.94493	25.33161
40.83055	39.40808
48.83251	43.91101
16.71248
43.32812	25.59711	2.927951	41.37138
3.590386
12.51158
27.91579	8.56022	31.3209
46.93573	12.10274
31.67364	37.94178	44.58038
43.04939	28.71545	4.934113	23.46774
41.95304	26.22333	1.998311
20.87344
46.09426


42.65058	4.384502

44.00846	26.8147
43.18872	13.45486
43.92365
47.49571
41.54105
24.83234
20.33824	9.978147
27.64097	24.11064
14.46489	29.16446
41.07711	31.04417	6.963415
43.22283
2.98211	37.79878	51.2425	33.02078
30.7869	17.71427
29.15086	47.00607	41.51725
38.56658
43.51129	11.24591	6.355878
46.43107	50.03215
25.41347	7.683125
11.7907	3.009173	6.467062
41.02358	25.3793
20.79989	29.02264
41.41887	31.86465	21.36019	7.180802	48.98219	22.30483

48.00634	28.25588	45.12128
12.20031	9.624239	7.745989	9.566038
44.07137	4.800835

18.80309	0.0500136
49.18252	43.0811	6.888403
48.80295
32.12164
30.83712
37.58351	33.96751

51.5609	32.02951	25.18963
41.02426
41.61646
15.12486	49.74605
31.84944	24.69754	24.03295
44.17785
41.12073
36.03914	50.99411	2.569564	28.97492
38.89902	5.165746
44.06341
37.57222	12.90842
42.15002	14.17737
20.68404	53.06808
39.8179
2.719815	42.58817	8.621735	30.17902	42.938
42.53583	20.33274	2.831201	39.20776

10.47414

13.78538
23.15467
47.07157
31.08322
37.32697	28.97738
38.20083	22.34198
1.582584	30.40776	3.192444
24.66855
26.02328	0.4747621
53.08516	18.10478

42.17954	13.8596	48.33537
30.70542	25.82253
42.5387	11.98379	32.60121	14.48918	48.7707	48.70075
54.89044	40.19533	2.164851	40.72862
11.73055	20.86082	49.67603
12.41568	3.779317	10.16361	29.81839
41.05051
42.69038	10.62095	29.77347
44.05499	17.15927	28.37812
42.37647	9.835216
50.31698
38.70982	19.30106	8.064242
44.85275
29.54419	38.98649	20.13538
45.26063

2.786422	27.25196
42.36898	0.2898028
34.45052	16.00576
20.55243
54.78789	22.86416	5.99611
43.58039	12.27078	3.637933
1.721111
43.79436	21.33404
45.73762	40.00856	30.89573	55.23298
7.989194
42.33204	25.86005
13.28529	9.997413

20.55482	6.78521
22.92527
46.3224	22.28802	9.496541	15.32608
50.52772	26.12469
24.01034	0.7038994
43.13688	16.57432	33.8955
39.33786	37.61493
37.30123	55.62169
40.9867	34.98008	8.707119	44.40189
3.095798
39.44548	53.96898
10.47579


12.70312	53.62696
17.50296
55.24958	23.53793
40.81288
43.12426
36.99149	26.89185

37.91315	12.43087	50.96002	21.94811	8.14718
37.24774
54.91033
2.753845	41.275
35.43458	14.09953
39.96837	27.73112
39.85638	20.93291
7.77184	47.65195
46.71705	31.26469	9.433225
27.89837	5.665586	6.90054
2.86548	45.77774	44.53524
46.09171	36.44712	23.14549
46.31903	23.62719
1.982595

10.15092	26.46299
17.8406
55.40561	31.24494

33.69901	3.042124	29.36001
11.64451	52.3178	0.4189096	9.010821
45.90221
41.63524	17.85202

32.21635
23.04423

42.04332	28.47326	20.65104
44.24543	16.54164

15.74973
50.54428

50.10821
43.22306	54.61207	53.79109
2.322643	34.39379
