ExtinctionRates
0.159852	0.07375784	0.1134318
0.09326878
0.02599377	0.08493616	0.01938726
0.2862888	0.09023438	0.07067064	0.1167517	0.008541289
0.2450479	0.04351986	0.08064796	0.03000465	0.2198988
0.1151618	0.1461782
0.05284094	0.02105049
0.1186468	0.06396449	0.1650963	0.2998174	0.1632643
0.1493767	0.07336369	0.07494596	0.1319663	0.1003002
0.1422629	0.074165
0.3596851	0.05435445	0.06596308
0.202233	0.1308429	0.2007978
0.08957149
0.1741375	0.006622168
0.03544838	0.1487397	0.03429411
0.06974382
0.05681861	0.1014723
0.04435104
0.02719928	0.03348219	0.3859744	0.05887143	0.1662366
0.2023661	0.04436098
0.1089079	0.08151505	0.2968669	0.1803361	0.1174254
0.1002713	0.04252132
0.06643347	0.002494177
0.2346562	0.0145342	0.01736593	0.007662007	0.03870605
0.02296717
0.1247402	0.0403123
0.1855097	0.09970178	0.0461251
0.1462902	0.1052137	0.1660788	0.07461875	0.156428
0.09289592	0.07828509	0.2423967	0.04366502	0.05030913	0.06026832	0.03509478
0.1190038	0.0044362
0.0309396
0.1425442	0.04769311	0.08071723
0.1703354	0.0158313	0.1714256	0.06874954	0.0515165
0.2003887	0.05089915	0.1114944	0.1893056
0.1878945	0.08494103
0.1148783	0.08775274	0.1373773
0.1195299	0.1245568
0.1925827	0.01188393	0.1339365	0.2070801	0.02976439
0.1024184	0.2417395	0.04854294	0.1450282
0.1038482	0.003983451
0.3421893	0.002755288	0.1219987	0.08653009	0.1712831
0.06107	0.07158352	0.08350284	0.02028384
0.1466569	0.05223952	0.06097596
0.06411518	0.025446	0.1512226
0.2009901	0.1204667
0.2758551	0.1500137	0.007608631	0.05303441	0.1468779
0.2032694	0.05578656	0.2428378	0.07783999
0.04346246	0.05088214
0.1285966	0.0414896	0.05181438	0.1345544
0.1512762	0.01812262	0.1244741	0.00524544	0.1233216
0.2992905	0.1218313
0.1935919	0.1309261	0.06774651
0.1753355	0.1097272	0.2497428
0.182258	0.04465543	0.2382303	0.1190125	0.04094666
0.1388844	0.03963408
0.158369	0.0066553
0.0302407	0.02421573
0.06635159	0.0277275	0.1308566	0.05798413	0.1680449
0.1399526	0.04437457	0.1273185
0.1426523	0.0584525	0.109712	0.117073
0.1452141	0.03875398
0.1673219	0.04541625	0.1173814
0.1058217	0.1443447
0.1096257
0.09996458	0.09667421	0.00847799
0.1293531	0.05560383
0.1055144	0.06590982	0.2068505	0.1301757
0.1556564	0.08716106
0.3173451	0.1788518	0.1268669
0.02627613	0.08547449	0.07605114
0.08649635	0.2138466	0.08325422	0.006764855	0.1604726	0.008839878
0.07867291	0.1881875	0.01836358	0.03942228	0.2129199
0.1320966	0.02813127
0.09964162
0.09084329	0.0342257
0.1410989	0.002813086	0.1139067
0.0671003
0.1918064	0.2223962	0.03706057	0.03908618
0.130887	0.02996788
0.3017163	0.07273489	0.1711493
0.09533773	0.04624343
0.04858597	0.1015387	0.1439475	0.2508572	0.1183765
0.1061805	0.06255972
0.06247518	0.04742675	0.1515928
0.2623786	0.02437724	0.09423522	0.09735058
0.1790202	0.000295785	0.03631504
0.1737043	0.1158445
0.1229024	0.03704977
0.1344477	0.05168084
0.1908307	0.09792852
0.1375733	0.07622251	0.1199686
0.03650387	0.0641225	0.07878864	0.1169188
0.1030833	0.07507698	0.1426812
0.1179669	0.03171963	0.08273548
0.162859	0.132734	0.09249421	0.144783
0.2375497	0.008738512	0.09788289
0.04699018	0.103592	0.01885529	0.06466815	0.18054
0.04466794	0.01669153	0.3105167	0.1052091
0.04793899
0.1590895	0.05917436	0.07714404
0.1179325
0.1562334	0.06803216	0.2187082
0.1651098	0.1075861	0.2202453
0.1760551	0.1078059	0.0382143
0.1918839	0.04095126	0.08984282	0.02300621
0.06014844	0.1451451	0.09311049
0.1638299	0.03600042	0.02273843	0.1507549	0.01752246
0.09287839	0.09664496
0.02734381
0.2782601	0.03989106
0.0901912	0.1456859	0.11908
0.1551672	0.07606807	0.0005624346
0.09976232	0.05444448
0.1135678	0.1403641	0.02172465	0.0365693	0.1611498
0.1795298	0.02814629	0.07046948
0.1123741
0.3728514	0.03098929	0.1325823	0.06352069	0.1496439
0.3187031	0.01897488	0.08002065
0.1309668	0.05551623	0.1464191
0.1905819	0.004314886
0.1732882	0.04067614	0.2210723	0.128591	0.1483357
0.0745175	0.02641374	0.09486346	0.05484167
0.1095034	0.02589871	0.2368985
0.1180849
0.2189559	0.1970571	0.1862509	0.1587196
0.07289222	0.226365	0.05002108	0.2153231
0.1249748	0.03141949
0.1014339	0.0741435	0.1778016
0.1542739
0.2068166	0.1817679	0.08861742
0.06526083	0.1379208
0.1211161
0.1369574	0.09307936
0.1498752	0.09591217
0.1054223	0.02727954
0.1470028	0.0560122
0.1032664	0.1228421
0.160811	0.0006435619	0.2126089
0.1716286	0.06059349	0.1694339
0.0464738	0.09994082	0.02971747
0.1517125	0.02102071	0.1220084	0.01865332	0.1545502
0.2963061	0.04939417	0.07994648	0.06237724
0.0905228
0.08897865	0.02582327	0.09995658
0.05082155
0.1743925	0.03006423	0.08646854	0.2501781
0.2027296	0.03085233	0.09978336	0.123359
0.1241908	0.01132162	0.1955396	0.06117048	0.2320276	0.1820109	0.09907257
0.2612397	0.00473381	0.1120023	0.06809418
0.1038823	0.04476956
0.2355985	0.06510186	0.1585165
0.2343177	0.09099095	0.05699398	0.06994385
0.1535768	0.1459823	0.002594809
0.2737692	0.03932611
0.07148249	0.03451453
0.152517	0.08024061
0.1234359	0.08137895	0.08636388	0.1112096	0.01379659
0.2244411	0.02592884	0.2958719	0.00245984
0.0525774
0.208085	0.1086528	0.101712
0.03312068	0.07194331	0.1550232
0.2737356	0.06548187	0.06823219	0.1711877	0.2719493
0.1139762	0.02510965	0.08353066	0.0903003
0.2502455	0.04953001	0.1307357
0.2122903	0.09347125
0.1924706	0.07732495
0.03691545	0.002921822	0.2230512
0.151852	0.06894208
0.08251526	0.06631411	0.03947888	0.1312293	0.01433032
0.06756866	0.02791849
0.2177785	0.03950603
0.009901962	0.02164171	0.04941315	0.01436456	0.3202854
0.08397934	0.08342218
0.03678071	0.09107835
0.1684718	0.07732868
0.2196821	0.07187013	0.08461014	0.2446127	0.05462308
0.2529736	0.07187017	0.04531213
0.04961852
0.1000763
0.07570563	0.121752	0.1759418
0.09617752	0.01178623
0.1403234	0.02081453	0.1890605	0.08197742	0.168718
0.1351588	0.03087	0.119693
0.2831833	0.08249764	0.1563104	0.05658354
0.1960845	0.1308816
0.1622797	0.119099
0.08734008
0.1100896	0.06965141
0.02721797
0.2614716	0.1034164	0.03454033	0.1111218
0.2446515	0.04472544	0.09231737
0.2645419	0.06917711
0.1955515	0.1391957	0.03743313	0.01936386
0.1236292	0.06580105
0.006133544	0.1409112	0.01758992
0.1108495	0.1419028	0.08520316	0.1824555	0.01664659
0.164217	0.03277817
0.05864444	0.1129299	0.1802571
0.3315318	0.03829937	0.2114103	0.008399802	0.1711491
0.1623209	0.09977646	0.049076	0.1969787
0.1909446	0.001153017	0.1176307	0.01988315
0.1412537	0.09989564
0.3376499	0.1497044	0.09256321	0.1176338
0.1196225
0.1320633	0.06484431	0.2572156	0.1944217
0.170256	0.0084301	0.2390278	0.05835617	0.1609785
0.1822801	0.0180341	0.2745231	0.2099761	0.1629303	0.05760055
0.1241317
0.1592335	0.1614083
0.05399124	0.1643273	0.1566087
0.05345719	0.232544	0.1089971
0.1067015	0.1741233
0.08556725	0.2102294	0.09010178	0.1904612	0.2641172
0.05889803	0.09935326
0.07015434	0.05228875	0.1512417
0.1527046	0.1151334
0.1242437	0.01237448	0.2445907	0.09329139
0.1421982	0.1129279	0.3305356
0.1173383	0.02355337
0.01558343	0.1100566	0.04786437	0.03677509
0.06221812	0.05704878
0.1679177	0.1312782	0.1035004
0.1144525	0.04349655
0.2333281	0.0941542	0.2139248
0.1434985	0.07285328
0.0391085	0.123351	0.003776307	0.1837093
0.08593523	0.01217553
0.04168666	0.2018928	0.06744384	0.1220857	0.06537468	0.1029428
0.08386131
0.1921437	0.09854177
0.1045097	0.08005484
0.1489551	0.09506761
0.09322766	0.07594085	0.1441631
0.1870692	0.04712184	0.004234951	0.1825402
0.006940506	0.07370964
0.08429252
0.1385522	0.08011975	0.04132548	0.1374079	0.08271756
0.1391596	0.009545966	0.02743031
0.08681041	0.02283175	0.03653004	0.02502384
0.1860684	0.01078942	0.09141014	0.1396033
0.1184507	0.03983806	0.01627084
0.1004716	0.06054442	0.01889581
0.1213914	0.05890072	0.134889
0.09929337	0.16967	0.06422602
0.1562296	0.1334785
0.04126072	0.1195925	0.02897222	0.0330802
0.0706145	0.06893922
0.1658572	0.1047216	0.1443333	0.1775153
0.1558169	0.1459597	0.2423674	0.06361308	0.1454968
0.1316152	0.05425836	0.08532007	0.1725205
0.1988248	0.1300821	0.03387041	0.02174932
0.2488984	0.05462985	0.06243377
0.1085027	0.008550608
0.1453217	0.001298674	0.01146623	0.04050647	0.09939973
0.03241334	0.1168923	0.1530936	0.2080323	0.01985368
0.2301802	0.07808116
0.07730949	0.01385518	0.1121782
0.05579595	0.05269029
0.09646725
0.3183011	0.1122382
0.02860825	0.2224396	0.1810564
0.08856359	0.1024533
0.08597551	0.0966788	0.2535071	0.06890968
0.2113569	0.1233189	0.02364373	0.007115594	0.1158786	0.1314401
0.1250237
0.1679621	0.01245466
0.136786	0.09382706	0.2412208
0.1353288	0.01742702	0.1858391	0.2153313
0.07496622	0.0005786562	0.2140457	0.1096212	0.0975835	0.03401131	0.184365
0.217242	0.05973095
0.2184993	0.05140121
0.2689888	0.04795343	0.2320835	0.0370561
0.190478	0.1494682
0.0724777	0.05339621	0.04721207
0.2155019	0.1400638	0.05500489	0.215373
0.2297435	0.02219032	0.14305
0.1478032	0.003979438	0.1554052	0.1174422
0.1177835	0.06157592
0.05740191	0.2582038	0.05448152	0.1336132	0.07057722	0.04763269
0.107944
0.225225	0.01822567
0.1174678	0.03107734	0.1488114	0.08687106
0.3279549	0.1045965
0.3531911	0.04777571	0.1470998
0.1223109	0.1264731	0.00355164	0.106096
0.1161337	0.06453248	0.2371893
0.1503769	0.2463511	0.01055563	0.1784555
0.08133308	0.01826799	0.1183414	0.3152067
0.09865793	0.04387006	0.1575281
0.2535593	0.1424119
0.1358486	0.03299389	0.1182283	0.1449453
0.1050581	0.04196521	0.195539
0.1822273	0.02646617	0.1213409	0.0947073
0.09536999	0.1101119	0.1028822
0.008550366	0.1956911	0.1289523	0.2456706	0.1042096	0.01421822
0.1675895	0.1365662
0.1430437
0.1405516
0.1368128	0.143546	0.1621341
0.2829676	0.1950073	0.143301
0.1899207	0.1674075	0.18077
0.264339	0.2614486
0.1846163	0.1340559	0.1923999
0.1341064	0.0401098	0.008964192
0.1706262	0.1160189
0.09530271
0.1301561	0.03294557
0.08262832
0.07498522
0.1668359	0.07966407
0.2728506	0.09374256
0.1307468	0.09849432
0.07993446
0.1765257	0.04274741	0.09878672	0.147425
0.1390664	0.09042897	0.2925592	0.1609407	0.01390327	0.1564516	0.1362889	0.04142462
0.05514817
0.1220539
0.1029646	0.006235943
0.12403	0.07724381	0.1595839
0.138385	0.08005158
0.115581	0.06121606	0.1237948	0.07697799
0.1154818	0.0416951
0.101516	0.06703163
0.07748853	0.06665787	0.1055787	0.04430825
0.08497625	0.0892636	0.1801946	0.04478217
0.1312791	0.1932432	0.01682976
0.1442934	0.1414988	0.1619919	0.1032801	0.2948204
0.2424814
0.1696313
0.1556406	0.0389939
0.1487852	0.02008686
0.09321383	0.01286747	0.09285679
0.2700742	0.1476719
0.1841117	0.01270258	0.1103529	0.07280799	0.2428149
0.07648518	0.2404241	0.1391518	0.09364003	0.09210312
0.06875429	0.02503046	0.3043933
0.2705571	0.03870186	0.1420075
0.1706196	0.09750859
0.1322396	0.03176144	0.08772442
0.04837054
0.09941706	0.07825525
0.1201797	0.1137166	0.1273335
0.1919858	0.1388412	0.08657613	0.2260884
0.09627533	0.02020516
0.36743	0.0769952	0.1886297
0.04420812	0.1316921	0.05870597
0.1452797	0.1700044
0.1333708	0.01583343
0.3275574	0.004304688	0.1501454	0.1289658
0.2961238	0.08288392	0.04514934	0.05397947	0.3096097
0.2086719	0.1723393	0.07397633	0.2410372	0.1656878
0.2381415	0.07272018	0.2745282
0.03300028	0.03053992	0.3207356
0.269878	0.1046937	0.09280113	0.2156727	0.1698974
0.1762258	0.1095201	0.07429435	0.01193055
0.129216	0.05080197
0.07493937
0.08303813	0.1412477	0.06303821	0.08916793	0.1276021
0.3389553	0.01427178	0.1391538	0.3538311	0.05972522	0.09127183	0.2131096
0.1515263	0.02785381
0.01019473	0.1009815
0.01103919	0.1122987	0.03580628	0.006078905
0.09652854	0.07095007	0.2051981	0.1230989	0.09294259	0.160048
0.04190623	0.06967736
0.02931024
0.1015693	0.07998985	0.1211523
0.08171456
0.04173518
0.08307078
0.1058077	0.06718149	0.1347669
0.3115295	0.07819929	0.241246	0.1189604
0.2403284	0.1851794	0.1020245	0.1147574
0.2777256	0.2116678	0.0596676
0.2150315	0.1366451	0.2149874
0.166398	0.03761877
0.1319001	0.04462682
0.2100516	0.003989361	0.1048515
0.1470239	0.2315527	0.08403744	0.09401603	0.00382162
0.1197371	0.04278468	0.1055368	0.1064703
0.1896519	0.05623245	0.1278263
0.1126794	0.1194251	0.1541474
0.1925306	0.0812006	0.0921467
0.1920128	0.06082061
0.1248075	0.01937867
0.2540771	0.03721914	0.09646983	0.03578402	0.1834569	0.08462163
0.09753685	0.0214666	0.07814892
0.08305669	0.06402894	0.1202545	0.3425295
0.2232168	0.03105944	0.235213	0.269607
0.07169223	0.01753235	0.1495623	0.2131347	0.1824718	0.1236611
0.1786042	0.03287596	0.1668613	0.1272027
0.1414605	0.1002916
0.1258311	0.08912928
0.2212798	0.07423737	0.08896336	0.1437124	0.1549711
0.1835893	0.1110045
0.09361423	0.003933126	0.1521893	0.08256145	0.1436796	0.2272281	0.2403148
0.1163991	0.01114396	0.1475918	0.1585378
0.2323082	0.02509521	0.1586739	0.0595269
0.1220919	0.01903237	0.1041092	0.06193542
0.1061266	0.06893826	0.1566994	0.04795202	0.0773411
0.2699937	0.07365257	0.004103843	0.1291805	0.1889852
0.1038672
0.2006979	0.1236707	0.1796813
0.1071104
0.1133055	0.1133898	0.07645146
0.09732276	0.02961381
0.219794	0.1023342	0.2016024
0.1133953	0.05259753
0.02087652	0.1087113
0.02785449	0.1209578	0.2460316	0.04753063	0.104085
0.1823173	0.07433602
0.1454296	0.1502284
0.118478	0.1496142	0.09920235
0.122678	0.0551646	0.107481
0.1978439	0.07455618
0.1552531	0.1117665	0.04692235	0.1495935
0.1056834
0.1492336	0.02082074	0.1824393	0.1346724	0.03235905
0.1451067	0.1319891
0.1305544	0.06186574	0.1622793
0.09775083
0.1112683
0.06868208
0.08622739	0.07392498	0.1958878	0.1664391
0.08911077	0.1566307
0.2060942	0.1158393	0.02485575
0.02319346	0.06770579	0.1187568	0.03126695	0.1233722
0.2777352	0.1131302	0.1039525	0.2213519
0.1155237	0.1629017	0.1302236
0.09491229
0.33535	0.07050184	0.09161377
0.2015514	0.1662462	0.07016837
0.2130704	0.0002439784	0.09659048	0.1101893	0.05068272
0.1604107	0.09086825
0.1180633	0.06467921
0.1486715	0.07361839	0.06457555
0.1203461
0.09337619	0.09351403	0.0791024
0.1109905	0.08738428	0.03274894
0.10704	0.0577059	0.2349475
0.1968193	0.08685631
0.1135634	0.08197273	0.1134228
0.07080337	0.09248128	0.08041767	0.1985502
0.2208433	0.0548261	0.08130322
0.1686599	0.04609981	0.1896613	0.2034456
0.1376099	0.01676454
0.09314173	0.04216731	0.1402169
0.1557088	0.03285834
0.02122447	0.05029198	0.07970629	0.0714726	0.2218709
0.1757051	0.07571136
0.1019626	0.1862617	0.01405436
0.07814469	0.03305852	0.1254447	0.04032076
0.2433649	0.09685889
0.2824384	0.1159305
0.1204744	0.08970743	0.1657967
0.01923915	0.09201851	0.07884441
0.1288822	0.05131635	0.1266872
0.2324642	0.05590562	0.1499393	0.1081588
0.07990868	0.009601876	0.09771571	0.1425043
0.1725448	0.0588618
0.007906573	0.1330187	0.1654638
0.1159806	0.02319299
0.1017444	0.02649942	0.145937
0.2302763	0.01764532	0.02766114
0.3618493	0.02416592	0.1056068
0.2171833	0.009465387	0.1456911	0.03209507	0.08288976	0.1391908
0.02580657
0.1793656	0.120322
0.1370675	0.1143387
0.1717656	0.1509275
0.02743623	0.2053192	0.08922264
0.07047919	0.117859	0.2130558
0.1409064	0.1138826	0.06084415	0.180659	0.1081271
0.06762255	0.03826663	0.005742745	0.1796795	0.1329772	0.1287972
0.1090883	0.09782514	0.1655327	0.2731005	0.1447633
0.04682414
0.1913255	0.06007418
0.1385435	0.07477514
0.3165311	0.04033033	0.1042119	0.04267491
0.1526529	0.1064835	0.01884867
0.1016151	0.08815335	0.07255413
0.1101055	0.04459327
0.2128026	0.04757882	0.1102593
0.05979264
0.1684782	0.04146242	0.2090161	0.207182
0.2949904	0.008204494	0.3131668	0.1036006	0.004265012
0.1031958	0.04667362	0.210786
0.144881	0.05514868
0.2574566	0.07474666	0.124725	0.0743483	0.03643791
0.1973789	0.1180706	0.1644948	0.113873	0.1097113
0.1503011	0.0260628	0.1509691
0.1349308	0.04872137
0.1304053	0.06148955	0.1360199	0.1608665
0.2219668	0.09157535	0.150041
0.07326086	0.05119198	0.04840366	0.1266222
0.08626156	0.1638865
0.2516751	0.1499737	0.09320967
0.09799959
0.1845329	0.08453176	0.2039505	0.08578736	0.09280049	0.007687885
0.1414296	0.00692231	0.143857
0.1039433
0.1484684	0.1071391
0.03882059	0.09791517	0.1971367
0.1627683	0.1237133
0.270102	0.1007649	0.05486067
0.1524447	0.04990039
0.1108713	0.05406185
0.04164681
0.194618	0.08837642	0.04763432	0.1136171
0.124406	0.05251146
0.1757969	0.06679382	0.1335207
0.1588924	0.06724549
0.1432081	0.06167196
0.2186874	0.08844002	0.1610556	0.006942529	0.08184006
0.1147063	0.03826628	0.1647602	0.05272878	0.1552702
0.03552943	0.01707862	0.1301956
0.1465598	0.1399867	0.05971099	0.08862788
0.188998	0.0855719	0.1483328	0.08366804	0.207772
0.2368075	0.1458071	0.05529552	0.1916093	0.2283447	0.1573331
0.1565756	0.1244187	0.05568567	0.1001313
0.1303412	0.04944032
0.02998787
0.1228442	0.02542935	0.09828423	0.1913973	0.1633012
0.05119193	0.03551258
0.1553057	0.00719683	0.3075687	0.09448019
0.1245756	0.01278206	0.08393988
0.06884907	0.05106709	0.2613781
0.09807837	0.05254321	0.07170956
0.1375115	0.1056448
0.09680272	0.05103791
0.2859542	0.07542371	0.2035819	0.1315932
0.1049842	0.08653569
0.02284811	0.02099151	0.08115035	0.0634265
0.1517975	0.08081243	0.05091476
0.1913568	0.209121	0.1786137	0.09716202
0.08466563	0.1206459	0.1162356	0.2093279
0.140902
0.1767446	0.0873736	0.01354204
0.2019122	0.05188507	0.09575711	0.0476077
0.02764719	0.02897065
0.08028137
0.1324009	0.007376991	0.1917254	0.2478035
0.2009207	0.000994666
0.09052907
0.1976785	0.1568847	0.05277212	0.1198463
0.1467171	0.02273541
0.174337	0.07317307
0.217276	0.1308983	0.2570421	0.2423094
0.08946856	0.04926338
0.3268037	0.04654235	0.1367801	0.1970357
0.01813901	0.107033
0.1118321	0.04325657
0.1209892	0.04658347	0.2205422
0.04214863	0.01595222	0.0803604	0.1093313
0.09760997	0.004757106
0.2477306	0.01840722	0.138138	0.02017455
0.1544725	0.01044452
0.1739162	0.02142057	0.1160345
0.1568416	0.1447361	0.07220357
0.01952805	0.0834965	0.04436093	0.1396517	0.09308533
0.2821938	0.04010912	0.06804791	0.08912461
0.1617682	0.1133222	0.113558	0.04270236
0.1894031	0.09212808
0.1926905	0.1901514	0.04994207
0.2049187
0.1704136
0.1791103	0.1366794
0.02314256	0.2039767	0.1486674	0.1099775
0.2273817	0.02989868	0.1433384	0.1733221	0.03446633
0.07261835	0.09098031	0.07921791
0.2053566	0.08813395
0.1707741	0.009261491
0.02686393	0.0004148515	0.1773685	0.05358011
0.03643546	0.1229017	0.1016502
0.06326032
0.1307153
0.08320597	0.1105931	0.02326208	0.1694286	0.210972
0.1570229	0.1387259	0.04378537	0.2231363	0.02310379
0.09359416	0.01890412	0.1629857	0.0453778
0.1249698
0.3119169	0.08106076	0.08392009	0.1227859
0.231131	0.1463306
0.2084677	0.05383414	0.2178858	0.1361499
0.08708688	0.01151442
0.1186316	0.03744683	0.03135513
0.08802952	0.08575931	0.02994994
0.1212661	0.08321934
0.1103757	0.08487129	0.267939	0.04013417	0.2419696	0.2037689
0.2724564	0.01959919	0.2913264	0.1113768
0.1156049	0.0294669
0.02936828	0.01609395	0.09055908	0.1689784
0.1009226
0.1769576	0.1440871
0.07215448	0.1539085	0.1397565
0.08965763	0.1327354
0.1167285
0.2043416	0.1385777
0.2262427	0.08588208
0.08548144	0.1095408
0.1876356	0.1867875	0.05468665	0.003569743
0.0290276	0.02695723
0.1255204	0.08757439	0.176295	0.1292734	0.1158131
0.233897	0.1907735	0.1272088
0.1291117	0.223779	0.03901757	0.0919748
0.1788457	0.1077182
0.2473017	0.05860278	0.1118872	0.1269894
0.09406246
0.1531955	0.01231415
0.1708352	0.06718124	0.253747	0.08137625	0.1943319
0.09269004	0.02030859	0.06353441	0.169595
0.1510142	0.02613813	0.3182477	0.08064514
0.2614095	0.1251148	0.1709843
0.0959758
0.2706843	0.08665633
0.1427842	0.05132248	0.1488296
0.2697961	0.01039364	0.2627879	0.1136325	0.1086014	0.09918714
0.04729839	0.05218744
0.05893759	0.0552478
0.02668262	0.0008950807	0.0994191
0.1954175	0.02386363	0.2927276	0.0953161
0.0689157	0.08579675
0.08509239	0.1460568
0.1469101	0.1188941
0.2992531	0.07652322	0.005323732	0.04616474
0.1065898	0.04601785
0.07024652
0.143989	0.03308327
0.1583077	0.07777084	0.1070108
0.2500206	0.07667514
0.1589826	0.01408779	0.02231164	0.03748902
0.1664827	0.02181674
0.06290954	0.01042876	0.1372288	0.1909057
0.169167	0.01133585	0.0522711	0.1467005
0.1002152
0.0007644828	0.1738665	0.1037289	0.1711504	0.03713217
0.1295691	0.06629737	0.1066399	0.1352844
0.2759703	0.1668023
0.02501494	0.162068	0.2085062
0.1513217	0.1652959
0.1590912	0.1853946	0.08416952	0.0197238	0.09922563	0.2339212	0.1486683
0.1224917	0.04448414	0.1629295
0.2821369	0.118469	0.1190729
0.3273342	0.03956276
0.4280238	0.0428225	0.08914208	0.132367
0.1047704	0.09627408
0.1551781	0.05536199
0.1026637	0.01083082
0.04109893
0.2371897	0.1455162	0.03081087
0.2870816	0.02524728	0.1002359
0.1429876	0.02881406	0.1660324
0.09269489	0.04048758
0.1920842	0.02030856
0.2116548	0.005188199
0.06347054	0.001663241	0.1399597	0.09159569	0.1184801
0.09294292	0.03684133	0.1428453	0.1458857
0.0424622	0.07635949
0.2113424	0.0911404	0.05025073
0.08230092	0.06073755
0.05935048
0.1503254	0.1083248
0.1977263	0.08633271	0.1698397	0.197468
0.2141381	0.1086361
0.1244083	0.07701713
0.1166357	0.01709794
0.100871	0.01812959	0.1047117	0.1166971	0.1142668
0.1260122	0.1158839
0.05164455
0.07915148	0.004446643
0.02050759	0.03403943	0.1671937	0.1297753
0.3012809	0.02376307	0.08409932
0.1783657	0.06671068	0.1057648
0.1604852	0.06714542	0.07775334	0.1693048
0.1331069	0.05693519	0.2392812
0.1614396	0.01850931	0.09541099
0.1052552	0.02551324
0.1017022	0.07399076	0.1189353
0.1421841	0.05877562
0.07000155
0.104594	0.005882445
0.115903	0.05585694	0.1396039
0.1359173
0.2225033	0.1296432	0.1035886
0.07834155	0.07545786
0.2032846	0.03247495
0.1256975	0.1191227	0.1116404
0.1318071	0.2153154	0.1395131	0.1133851
0.1772188	0.1774784
0.1719221
0.1784674	0.05082004	0.09222526
0.2041119	0.1098011	0.1110519	0.1956523	0.1669812	0.3468133
0.1024528	0.06305978	0.1553675
0.07323992	0.1120452
0.1192585	0.03537747
0.1109576	0.07475544
0.2049373	0.1246582	0.1819674	0.107118
0.1273401	0.1474111
0.1108217	0.128912	0.2726645	0.1725206	0.1947681	0.2787168
0.07338916	0.08814691	0.1015724
0.2520778	0.1303798	0.3167828	0.1321643	0.08002445
0.1283193	0.04118864	0.2009758
0.1652245	0.01895867
0.3604926	0.06092063	0.2102496
0.2231936	0.02131777	0.1178836	0.06484088	0.2208476
0.1701969	0.04009491
0.02879051	0.1024757	0.210994	0.1371394
0.1719993	0.07788367	0.3099378
0.1655004	0.1421539	0.1450332
0.08647205	0.08324611	0.2666931	0.1866979	0.06848238
0.1382399	0.03652227	0.1379039
0.08811782
0.1418217	0.0965201	0.1484047
0.04659506
0.1447381	0.02958667	0.1674911	0.1386886
0.08213693
0.04519955
0.1875258	0.04897652	0.02846004
0.1524902	0.02913774
0.1131202	0.06092386
0.1927019	0.1334159	0.002309715	0.1234014
0.1093223	0.182265	0.03311618	0.09225515
0.03360614	0.08499659	0.09492057
0.03511136
0.182569	0.1402682	0.01023338	0.09608151
0.1451254
0.1781873	0.2623048	0.1789908	0.1585788	0.1232823
0.1526051	0.04790454
0.1538886	0.1096994	0.1901481	0.1469772
0.2024114	0.113594	0.07868122
0.3143359	0.0686505
0.1101557	0.04298393	0.008398262
0.0288616	0.1008324	0.03118196
0.2655142	0.05728294	0.1149705	0.3257983
0.1816281	0.07688432	0.0731524
0.1093669	0.03277185
0.05828331
0.1028403	0.01695218
0.145773	0.1184662
0.09291814	0.007706202
0.2721723	0.0206434	0.1273764
0.07192997	0.007923458
0.1057942	0.1561303	0.1102394
0.1230375	0.1064097	0.236509
0.06570907	0.1087135
0.1266004
0.2335737	0.03767874	0.05890477	0.125361
0.04887999	0.09120652	0.04288872
0.05201457	0.1068868	0.01410541
0.297024	0.0240874	0.2270526	0.01199522	0.1597047	0.1737587
0.2240841	0.001292734	0.1231972
0.1193581	0.02837235
0.2639815	0.04614442	0.1375849	0.1203813
0.09994174	0.03523617	0.1182533	0.08421658
0.02392847	0.06030668	0.1875303
0.06597073
0.3573766	0.07646693	0.01879763
0.1517162	0.113999
0.1173437	0.0207089
0.1421316	0.08098153	0.07992042
0.2958974	0.1015868	0.1764868
0.2290949	0.06377001	0.167465	0.1615979
0.3170714	0.009247622	0.09587948	0.1213837
0.06695339	0.0107974	0.0830499	0.1637527	0.03969475
0.1710922	0.0605082	0.201305	0.03847757	0.1306996
0.07828046	0.1642977	0.01277843	0.3304847
0.09860522	0.02873795
0.09239018	0.007741708
0.1454916	0.1469702	0.0148786
0.2019959	0.04588213
0.03337551	0.05533383	0.2838369	0.1605282	0.105751
0.1383752	0.07915462	0.169779
0.2835409	0.0312838	0.1524053	0.08711864
0.05903283	0.007984769	0.1475862
0.05720691
0.1997979	0.09245346
0.09342614	0.06843069	0.1920217
0.09505034	0.01080126	0.2292925	0.1396726	0.2158452
0.0259361	0.02637961	0.2522351	0.04761176	0.1762596
0.3678783	0.1248991	0.05087159	0.1731371
0.1385123	0.1087813
0.1817105	0.1027044	0.1087724
0.2012755	0.09268943	0.2241368	0.03681329
0.1198649	0.05926187	0.09007982	0.1053801
0.05301313	0.07739721	0.002930702	0.07798847
0.2630753	0.02778015	0.2529287	0.1239235	0.08353153	0.08857257
0.2087751	0.0683412	0.1046085
0.02502543	0.1014201	0.05572138	0.04164449
0.06735855
0.129315	0.131209
0.1767419
0.1552565	0.08313718
0.1067975	0.009728785	0.1487614	0.03226378	0.3707875
0.1963954	0.02901412	0.1228993
0.1985731	0.0756549	0.1931306
0.1576707	0.09675739	0.09564718	0.05169631	0.2004979
0.171572	0.01259902	0.03373295
0.1610642	0.003130442	0.06690585
0.1031252	0.03563699
0.06376724	0.1002377
0.2927994	0.09207742	0.3484988
0.05910474	0.09086629	0.04703761
0.1279383	0.03464246	0.1619096
0.2513567	0.07096389	0.05634873
0.008637689	0.09213478	0.07252721	0.06210168	0.0179656
0.2507376	0.1160182	0.07164795	0.2378159
0.1587153
0.1993127	0.1261051	0.1232876	0.08096453
0.1329607
0.2137479	0.03307034
0.06576458	0.003940775
0.03017358	0.05654787
0.1188828	0.05941946	0.1190587	0.05986614	0.2854753
0.1207865
0.1409141	0.07870519	0.1226343	0.06692344
0.3273495	0.04423072	0.1875053	0.2334656	0.1909854	0.03866185	0.1108303	0.2218741	0.02517629
0.2144389	0.07951981	0.2207013	0.1056039
0.296083	0.08392466	0.06953544	0.2249653	0.1408951	0.06939835
0.1975158	0.1087475	0.1684572
0.1322661	0.0687723	0.1645926
0.06061088	0.01677151	0.1171482	0.07695523	0.0747189	0.03006604
0.1284967	0.009048558	0.1551286	0.07131362	0.07735781
0.02518527
0.0975724
0.07291094
0.2172379	0.04323813
0.09146	0.1006195
0.3198666	0.01267234	0.205087	0.06901399	0.2319287	0.2250836
0.1371678	0.04976212	0.1672268	0.09664761	0.1281306
0.1017323	0.04457365
0.2326106	0.1070261
0.2195008	0.07247704	0.1565961
0.1602988	0.009905428	0.04467918
0.1175094	0.021318	0.1604539	0.1559152
0.1717379	0.06815987
0.2892543	0.02855931	0.418718
0.006251426	0.1303719	0.07418467
0.1469355	0.1623997	0.1503496
0.2503648	0.1263835
0.1168465	0.1327616
0.001051398	0.1383325	0.02787364
0.2256374	0.07601592	0.1682359	0.1393672
0.1101102
0.1529141	0.07930082
0.1385051
0.2604875	0.1112734
0.1523237	0.1446354	0.1010405	0.04562175	0.07200538
0.2278189	0.1433096	0.1812184	0.1334707
0.08203486	0.03289255	0.02484498
0.05413473	0.02072444
0.0505984	0.01435197	0.2119753	0.1498141
0.1345892	0.01667562
0.03014753	0.0281709	0.1241638
0.1316201	0.04819935
0.1700825	0.06609369	0.2413876	0.1991046	0.2222487
0.1831511	0.04035846	0.1176287
0.05789554	0.0312845
0.1074048	0.09121592	0.01810588
0.02004546	0.06391113	0.21044	0.06679317
0.04044146	0.06372203	0.08166132	0.1484902	0.1212029
0.1206505	0.08688351
0.1488065	0.03385585	0.04482165
0.2592452	0.1532017	0.06696728
0.186433	0.07446215
0.08921937	0.06817475	0.2616659
0.0955758	0.105853	0.04853512	0.09710175	0.1424472
0.1293833	0.07543298
0.1351636	0.08142395	0.0717137	0.02578427
0.1824839
0.1883763	0.1708229
0.03728348	0.06742082	0.3179991
0.08607061	0.07314194	0.1871493
0.06924002	0.1207242	0.07980309
0.1644251	0.08554642	0.2006872
0.1396631	0.08903684
0.1442709	0.09132009	0.0971203	0.2016089
0.1229217	0.02139161
0.1369225	0.06367648
0.1683216	0.08955379
0.2087612	0.1080185	0.1644476	0.2222602
0.08918302
0.08032836	0.06946918
0.2655815	0.04739514	0.2537937
0.1065132	0.08701844
0.07500245	0.06808784	0.07475664	0.1998785
0.1975493	0.1118812	0.02498717
0.3025584	0.002844141	0.09933995	0.03131632
0.09234795	0.1016848
0.2338409	0.1152053	0.05414625	0.2305586	0.08736262
0.1428234	0.1657493	0.06809015
0.08185697	0.0623469	0.2271137
0.06256561	0.0702131	0.01540739	0.1402831	0.02337642	0.09156262
0.1346684	0.04439512	0.1478266
0.06740981	0.1158459	0.1367565
0.235099	0.08126375	0.2034227
0.1509912	0.05791574	0.06147213
0.04863973	0.06937135	0.1803755	0.04111984
0.09986832
0.1168134	0.05118303	0.1471387	0.1102333
0.1225345	0.132121
0.1428443	0.05707815	0.2556153	0.2209231
0.0765889	0.08522093	0.05367425	0.1870012
0.08103138	0.04800374
0.1588941	0.07786609
0.06032935
0.07326751	0.07788606
0.2404054	0.1849278	0.04716031	0.01902481	0.09978829
0.1036438	0.02754758	0.08402644	0.1179105	0.1830083
0.04955713	0.05868836
0.2469157	0.2502757	0.1320066	0.04198781	0.09617253
0.2568454	0.01771485
0.1625669	0.1362559
0.07520105	0.127193
0.08882907	0.1587229	0.25909
0.1172937	0.1781213
0.162895	0.03202934	0.04388645	0.1628867	0.05649153
0.03086821	0.06185172	0.3008122	0.005068279
0.1511841	0.01676269	0.08891564	0.05626735	0.03248723
0.1587003	0.05329231	0.1158466	0.249165
0.1867551	0.001484842
0.1674887	0.123162	0.1510478	0.08433232
0.07942933	0.148198
0.1011331
0.09544687
0.002690488	0.04784304	0.07984932	0.05120721
0.000736299	0.06112001	0.1803037
0.001641241	0.02122771	0.09496746	0.1893781
0.130846	0.02494905	0.1179474
0.1279308	0.0664281
0.105545	0.05490099	0.1286643
0.08162183	0.09307202	0.1744302
0.1237883	0.08530931
0.03937405
0.166135	0.1073815
0.08764278
0.3081194	0.1241413	0.1155171	0.1540817
0.2313613	0.1392062
0.2544303	0.004715154	0.09262121	0.2980754
0.2951978	0.1189417	0.1073985
0.1386434	0.1248769	0.01280117
0.07793669
0.1073154	0.03366663	0.2505417
0.2814025	0.07419686
0.17248	0.005309272	0.02241287
0.05452912
0.1147333	0.08928743
0.03319616	0.0979477
0.1520536	0.07996049
0.04423152	0.00437275
0.2569548	0.04463804
0.1820499	0.03666184	0.1448026
0.07603274	0.08838711	0.1184064	0.02738971	0.06972985
0.1385879	0.09256135	0.05703634
0.04598588	0.1250615	0.03683121	0.1630027	0.1978791
0.1780124
0.2428852	0.08528493
0.09768289	0.08611547
0.09078041
0.1563544	0.01358883	0.1132405
0.2881254	0.1099815	0.1935696	0.02891627	0.08268198
0.1783913	0.02088545
0.1789427	0.08281238	0.06249272
0.1603983	0.005726426
0.1608392	0.004257716	0.2246166	0.3357257	0.1852205
0.2429475	0.03301403	0.2398352
0.3410682	0.06298819	0.09997786
0.1584251	0.08227389
0.1115608	0.0515919
0.1919734	0.09543841
0.1550142	0.05911189
0.1360324
0.09882239
0.3781533	0.09027851	0.33691	0.01158828
0.08636051	0.08835054	0.2921031	0.04518291
0.2228506	0.06788233	0.1062122	0.1425458
0.1141512	0.02537961	0.101651	0.1222436
0.01250718	0.04629843	0.2042693
0.0005470208	0.01114449	0.05358228	0.1458611	0.09871175	0.0621347
0.004545101	0.03501156	0.1110789	0.1128376	0.04463778
0.1302536
0.2688211	0.05270979
0.2920514	0.100166	0.0315557
0.2182837	0.0752067	0.1447211	0.02200287
0.07245442	0.0437855	0.1306118
0.233349	0.0006528196	0.1058244
0.1001601	0.04205702	0.117482	0.05666681	0.05780041
0.04805623
0.1772415	0.1128801
0.1532309
0.3082231	0.03907363	0.004753429
0.2267765	0.05624771	0.1485349
0.1559979	0.02269749
0.09826035	0.07016684	0.1577946	0.07131485
0.1980308	0.01763362
0.1490468	0.02629591	0.2142085	0.09614533	0.1031279
0.2338513	0.02143624	0.03428896	0.0662921	0.218949
0.166947	0.08847998	0.2443292
0.108218	0.03706376
0.1435112	0.06212337
0.04939999	0.1266638	0.2733715
0.1160495	0.0868432	0.09381897	0.2418061	0.1592174
0.1357589	0.08131066	0.1394994	0.2491133
0.2535299	0.02068307	0.2045886
0.2868172	0.1268632
0.1479677	0.1273185	0.1427424
0.09610427	0.1597095
0.07591854	0.1751262	0.03950648
0.05447105	0.1439631
0.2022144	0.1312372	0.1106417
0.08085253
0.1910914	0.07481358
0.1472218	0.1198075
0.2006942	0.1531146	0.06642111	0.1521791
0.1188789
0.2062546	0.06548043	0.1260552	0.08593621
0.0468506	0.08254341	0.03551763
0.08417902
0.1244532	0.08650788	0.1581281	0.1563362	0.09847352
0.06633263	0.06064552	0.09166655
0.01033679	0.08870436
0.07463995
0.1032618	0.01626272
0.07423685	0.08264569	0.1327875	0.03044818
0.1977457	0.09552763	0.1573963
0.267708	0.1150407
0.05464966	0.09157355	0.1237552	0.149545
0.1921548	0.0402375	0.03637067	0.01188984	0.08803892	0.2319828
0.2108817	0.0129804	0.1481968	0.1653606
0.1901995	0.002637424
0.30128	0.01556084
0.0376729
0.09741211
0.1500962	0.08255315	0.08905717	0.3163758
0.1431094
0.2191852	0.1379675	0.03673331
0.217203	0.3159424	0.03975337	0.04625721	0.1058614
0.256864	0.1446289	0.2590985
0.1388229	0.06368522	0.1116393
0.2011064	0.04408429	0.1640835	0.05132187
0.2483401	0.05400633	0.09730719	0.08044715
0.1553616	0.2811422	0.03128047	0.07728157
0.03765701
0.09152624	0.05559783	0.217343	0.187399
0.1188312	0.1369727	0.1373054
0.06798402	0.1318724	0.1551877
0.1386118	0.07696801
0.1164292	0.1208226	0.1246164	0.05092249
0.2312796	0.09357093	0.168289	0.1363677
0.0948909	0.05296927	0.1642437	0.01328198
0.1304878	0.05004965	0.1424941
0.07587501	0.1226783	0.09918879
0.1764712
0.1519715	0.1255601
0.1973088	0.1391194
0.1979705	0.07383966	0.122004	0.007119806	0.1592113
0.07188845	0.06276016	0.11025	0.01675498	0.2384027
0.195609	0.01947952	0.1494977	0.1298538
0.1805505	0.2464642	0.1244541	0.1495866
0.1044167	0.02836895
0.1178551	0.07983515
0.08731477	0.03542459	0.2394991
0.05893827
0.05924773	0.03080227
0.08990253	0.04871584	0.1331155	0.1136882
0.2637839	0.02297898	0.08491394
0.1065024	0.09372771
0.1094095
0.1266723	0.2148277	0.169803
0.2614631	0.3022827	0.07898617	0.1328165
0.1448007	0.06939779
0.048274	0.09433341	0.2519407
0.05951418	0.001848256	0.08470757	0.06259544	0.2420635	0.1421969
0.07837252	0.04448167	0.1486187
0.09927514	0.04539064	0.1708937
0.2741367	0.2112237	0.1177661	0.06110574	0.1428088
0.2379441	0.07105889
0.1037592
0.02328426	0.05339357
0.1883378	0.1043869	0.1301748
0.0918195	0.1662774
0.2017557	0.06412699
0.08269152	0.1715193	0.05400931
0.2112571	0.1128783
0.238106	0.04248025	0.09237187
0.1392988	0.01212894
0.1749576	0.1231903
0.1513386	0.1259964	0.2144754	0.04727674	0.1757088	0.1387746
0.20927	0.1061281	0.1528754
0.1987831	0.0764776	0.1352766
0.04464032	0.009841291	0.1290211	0.1524216
0.02058244
0.14533	0.03432953
0.1707935	0.03667364	0.127883
0.03830882	0.129745	0.003841665	0.09809181
0.1623084	0.162979	0.1220778
0.1737327	0.03522044	0.2741661
0.1151815	0.004064344	0.03203468
0.06423651	0.1718598
0.002854382	0.1905713	0.3103663	0.1754583	0.150558
0.1981	0.2280442
0.1639206	0.1275899
0.2435577	0.09822712	0.1147407	0.106721
0.04932617	0.01073469	0.1085108
0.05970995	0.2270896	0.07883635	0.03027656
0.09287396	0.1066692	0.2044152	0.3440236	0.03617863
0.247234	0.09001306	0.1856859	0.1423869
0.2962888	0.06102133
0.1169862	0.06614956
0.1483523
0.1254505
0.252576	0.06911616	0.1390642
0.08691701
0.1905931	0.01978208	0.3101437
0.07245596	0.04758992	0.1279245
0.1378918	0.0002506399
0.1499013	0.09652318
0.1392009	0.0308753
0.1104853	0.075879
0.1057861	0.1528727	0.128857
0.187257	0.09814043	0.09324052
0.2348224	0.1080819	0.08993678
0.0975003	0.03312958	0.1522186	0.06992659
0.1623465	0.14312
0.2976677	0.05405881	0.07948115	0.03998212	0.2278292
0.1743404	0.01358072	0.01517927
0.04488471	0.2056398	0.0820695	0.1220376
0.1384749	0.05551644
0.1356426	0.04720622	0.1597549	0.007165525
0.1228862	0.02651581	0.07574802
0.2943716	0.05256362	0.1428916
0.1392795	0.1227145	0.08279268	0.06898134
0.2003144	0.01657816	0.1522902
0.1753456	0.04784295	0.08839057
0.09886561	0.06303759	0.2073172	0.08381504	0.251692	0.05764378	0.04715898
0.03241741
0.1818294	0.02710375	0.09240031	0.08910976
0.171647	0.0522475	0.117372	0.1580621	0.07677341
0.2301992	0.02593207	0.07508771
0.03765526
0.1013679	0.07335621	0.2000207
0.2826325	0.01532497	0.07380665	0.1655424
0.1309	0.1329913
0.1649928	0.06038811
0.1839974	0.1422445
0.07771403	0.1314846	0.2974439
0.1069545
0.1240546	0.02614289	0.1335747	0.02314847
0.1900082	0.07053042
0.08631658	0.05142891
0.1627179	0.1182547	0.01666532
0.2120962	0.09707743	0.2032174	0.1236983
0.1488438	0.07229654
0.1138092	0.06160031
0.1925095	0.08986514	0.08645943	0.1845631	0.1687737
0.2022102	0.1159586	0.1534681
0.1346524	0.002518902
0.1660155	0.06753238	0.2548571
0.2167132	0.02419541	0.09584492
0.2781742	0.07260063	0.02062578
0.2088019	0.09304678
0.1902878	0.3316819	0.03481228	0.1616007	0.1500607	0.03877648
0.1314551	0.02517708	0.07476594	0.2634484	0.1070575
0.07374407
0.3988795	0.0588362
0.07261308
0.1204388	0.07118619
0.1972951	0.1004609
0.1435885	0.01560224
0.01189894	0.0594389
0.1350737	0.03789698	0.07039448
0.03634633	0.02845253	0.02758949
0.1479735	0.05977435	0.06698684	0.03260289
0.1112541	0.005322486
0.1474997	0.04475816	0.1347121
0.08666651	0.02289204	0.07050334
0.1089315
0.158732	0.03697494	0.1544785	0.01247276
0.1496562	0.0468078	0.008701288
0.161515	0.06628892	0.2631588	0.293397	0.06993972	0.01106031	0.04537623
0.1500013	0.02212042	0.1431042	0.1173912	0.02139266
0.08900822	0.3305359	0.0548775	0.05945113
0.2461639	0.05260043	0.1057648	0.1298378	0.05572688
0.1869345	0.1170825
0.03982954	0.05375022	0.07160666	0.1043663
0.2920742	0.0645827	0.1271312	0.2343948
0.01849219	0.06149753	0.1985469
0.1055025	0.03474315
0.2038875	0.03397064	0.1012778	0.1468042
0.1738249	0.04438349
0.1674545	0.2160676	0.05450601	0.09307564
0.0815625	0.03887584
0.1089514
0.2066457	0.0468432	0.0269434
0.22549	0.01454371	0.1006183
0.1604989	0.1164866	0.1585394
0.1727444	0.04975645
0.1246237	0.05191218	0.05209533	0.07413859
0.1567891	0.05199866	0.1465376	0.02643494
0.2461415	0.1213279
0.1669963	0.08111965	0.216321
0.03199892	0.04466436	0.1187753	0.1860662	0.08594588
0.1912561	0.1092184
0.1034965	0.06984939	0.1393723
0.1766012	0.1668197	0.1352928
0.08500975
0.04927119	0.01580568	0.1146542
0.1528994	0.01611738
0.06523194	0.04784141	0.1082063	0.2941679	0.2495542
0.06503885	0.03680867	0.02755648
0.1652398	0.04598352	0.1342459
0.3402783	0.009905681	0.1248634	0.1542284
0.1561588	0.07274665	0.2290416
0.1509007	0.07495602	0.01103857
0.1967358	0.02960082	0.2663244	0.1076235	0.04778628
0.0397274	0.07542724
0.07410163	0.02676974	0.04103459
0.08279061	0.1633047
0.1518069
0.1115193
0.3442566	0.1003818	0.06014894
0.1666268	0.0578154
0.1022912	0.176216	0.09922016
0.1368144	0.07712859
0.1588945	0.06299375
0.213779	0.1337545	0.2315079
0.2275081
0.2143322	0.2161431	0.09327486	0.1675025	0.2287709	0.07249233
0.06136275	0.186278
0.1213486	0.2050121
0.08858165	0.2510558	0.1566177
0.1758968	0.1650905	0.06868827
0.1019265	0.09085939	0.1338234
0.1295267	0.07276398	0.1605605
0.1495241	0.1269439	0.09212684
0.2106938	0.04107006	0.1498333	0.1005942
0.2269357	0.05771554	0.09470798	0.1768123
0.04224993	0.1475438	0.01916816	0.1325272
0.1461589	0.008352327	0.09135303	0.09870141
0.1514542	0.1303617	0.2051239
0.1931514	0.2506866
0.1629176
0.04880751	0.03805111	0.04225175
0.05945147	0.09093101
0.05117194	0.03689956	0.07332694
0.1220397
0.04335505	0.1110891	0.1920435	0.2275185
0.1661582	0.1053041	0.05043046	0.2837172	0.1431216
0.101632	0.001885682
0.1496284	0.006125155	0.1366136
0.1431261
0.1351873	0.03643523
0.1153352	0.073245
0.05803588
0.07668717	0.01154889	0.1208802	0.01262267
0.05312479	0.05274886	0.1651986
0.07084288
0.02395902	0.03387068
0.03364052	0.03373522
0.06034402
0.06201991	0.01238293
0.1284937	0.06739552	0.1700871	0.122057
0.09741726	0.2022872	0.1309903
