SpeciationRates
0.2303177	0.1780645	0.0790449
0.1456203	0.1868685	0.1932226	0.1752842
0.04358334	0.2044817	0.2099566	0.1215351
0.1819275	0.1919465	0.1351913
0.06270259	0.1781267
0.2893884	0.2352624
0.224723	0.09608974	0.1662785	0.1515668
0.2000485	0.1834482	0.216649
0.212152
0.2205986	0.2479672	0.1260008	0.1962372	0.2503373
0.2352349	0.201683	0.1046264	0.2416047	0.217633	0.2056722	0.1753693
0.2384273	0.2296106
0.251112	0.1039757	0.1952133	0.2612087
0.1789535	0.1806906	0.1554571
0.1239177	0.1836484	0.200054	0.1984559	0.2276544	0.3543001
0.137039	0.1945184
0.1458484	0.1907777	0.1282887	0.1923401	0.2389862
0.09720049	0.2030482
0.2634384	0.1844973	0.2099336
0.1298807	0.2263782	0.1512611	0.3101988	0.211992	0.1315471
0.2483133	0.1998503	0.1644926
0.1046113	0.1902739	0.126981
0.08882595	0.1617489
0.2797016	0.1911141	0.09904307	0.3076912
0.07303544	0.1687401	0.1963082
0.26144	0.1938631
0.1503011	0.2300029
0.07838957	0.2066401
0.1007228	0.1380242	0.2142809
0.3161471	0.1796419	0.0770306
0.13666	0.1927404	0.1306575	0.1207993	0.2193405
0.09266143	0.1079692	0.2658285	0.1782761
0.03298959	0.2392554	0.1991807	0.2197634
0.214698	0.2287677	0.1635485	0.1953301
0.1199587	0.2074625	0.1587753
0.24275	0.2092441
0.2254944
0.194034	0.2932914	0.1909469
0.2147228	0.1625358
0.1418686	0.1761473
0.1569283	0.1913929	0.2610244
0.1043315	0.2139239	0.2512178
0.2044843	0.2419213	0.229625
0.1771216	0.1797266
0.2339279	0.157893	0.237228
0.1392852	0.1737856	0.2648409
0.02546483	0.1909878	0.08755698	0.1618818
0.1624402	0.2048524	0.1952569
0.1889051	0.1631262	0.1906821	0.1115769
0.1525974	0.1101048	0.2393177	0.1763371	0.28782
0.2236274	0.1252409	0.2327056
0.0920975	0.2214775	0.1496636
0.2265043
0.07845993	0.2504725
0.1944952
0.1851021	0.1662311	0.3161342
0.1224196	0.1001657	0.1800809
0.163459	0.2016372	0.1755046	0.1816213
0.2647108	0.2036435
0.06994047	0.1906397
0.1974861
0.1198704	0.1812998	0.2059826
0.1476241	0.2342573	0.2365992	0.1819082	0.2725239	0.2365301
0.1932804	0.229808	0.1865802
0.1899695
0.2087576
0.09151775	0.2310805	0.1154744
0.06698547	0.2250343	0.1833956
0.1312799	0.2611099	0.165454	0.151505	0.2753565
0.2813904	0.198145	0.2302437	0.1672835	0.1676334
0.1708813	0.234277	0.1006497
0.1865225	0.1747884
0.1693785	0.1770276	0.1885887
0.1927998	0.2187099
0.1014348	0.2941983	0.1848318
0.1400322	0.1296911	0.1600286	0.2753316	0.1750727	0.1616126	0.1423748
0.1732412	0.2141753
0.2144722	0.2053196	0.2288429	0.3203636	0.3683564
0.1291749	0.1882853
0.2127342	0.2142102
0.1514789	0.1904535
0.1744177	0.2102099	0.2362301	0.1712448
0.1663509	0.1818616
0.1991282
0.1383594	0.1636087
0.2071538	0.1719389	0.1112555
0.2064862	0.2317042
0.1800051
0.3662824	0.2005025
0.2080585	0.2024762
0.1791456	0.2047121	0.2485475
0.128767	0.2316473	0.1418622
0.188335	0.1916974	0.21181
0.2790215	0.1644594	0.165889
0.1801495	0.2418412
0.03551055	0.1714698
0.1839136
0.09531822	0.1715384	0.1654435
0.121314	0.2045236	0.1109325
0.2994277	0.2103529	0.1794376	0.2364187	0.1591232
0.194239	0.2123303	0.2490783	0.2515271
0.2531341	0.08671606	0.1953528	0.159071	0.2709889
0.2229485
0.1722792	0.1851158
0.2173602	0.1783846	0.1307252
0.2520918	0.2012332	0.09614136	0.2080303
0.1772432
0.1349915	0.2188064
0.1086794	0.1772646	0.1157042
0.1308897	0.1845176
0.1442359	0.2537325
0.1146955	0.1632568	0.1846898
0.2446372	0.08583365	0.2026763
0.19034	0.1829702
0.2934969	0.1723211
0.1969471	0.2143097
0.1926679	0.206443	0.1693621
0.1720637	0.1731879
0.2122236
0.1726921	0.1546713	0.3890753	0.124602
0.1962715
0.1051308	0.1884147
0.1863147	0.1988655
0.2623852	0.2332804	0.1433182	0.3177382	0.08257313
0.04261329	0.2639384	0.3478988	0.2263483
0.225992	0.3478153	0.2457075	0.05946783	0.1828076	0.3093803
0.157933	0.2098841
0.1978033	0.2018586	0.1310516
0.1759954	0.2530049	0.1659508	0.1002775	0.2314678	0.2864063
0.1414084	0.286322	0.1957142	0.2836736
0.1616336	0.2098427	0.2465503
0.2822448	0.2301696
0.2362431	0.2093917	0.1560506
0.1889416	0.2077563	0.2226786	0.1907478
0.1931033
0.08318304	0.1798412	0.06270916	0.2360077	0.03802237
0.2094784	0.2321054	0.08960952
0.3013035	0.1706206	0.312812
0.2777065	0.1928811	0.09748575	0.2255038
0.3132538	0.1567093	0.1971122	0.1533281	0.2034855	0.247841
0.1533302	0.1603061
0.1988152	0.2177817	0.1337515
0.163981	0.2003964
0.1636904	0.1927766
0.09254809	0.2108488	0.205603
0.1836902
0.3190389	0.2002198	0.03709732	0.215463
0.1911528
0.2327763	0.1890691
0.2034956
0.1662971	0.2527937
0.2038486
0.2787129	0.3205637	0.1845491	0.2620967	0.1051439	0.2214586
0.1544781	0.1804253	0.3484346	0.2632321
0.1967588	0.1811946
0.131873	0.2200794	0.2494556	0.214426
0.2648749	0.2046979
0.2079345
0.1282989	0.1994196
0.09892563	0.2372725	0.1528301	0.1500228	0.1916232
0.1542169	0.2054172
0.3310454	0.1951188	0.2830506	0.06000311	0.1788348
0.2063987	0.1653421
0.1740835	0.2127904	0.1642027	0.1723096
0.2346006	0.2046923
0.1934043	0.1523667	0.2083214	0.09015332	0.2277459	0.1628314
0.2053078	0.1587479	0.1906223
0.2029906
0.1026054	0.1997752	0.1204902
0.07198917	0.1941908	0.121057
0.2026384
0.1214363	0.1741006
0.1555706	0.2241655	0.1285078	0.1563269
0.1477944	0.2070219	0.1245923	0.264737	0.04642592
0.1632914	0.127313	0.2137429	0.4368432	0.1511436
0.2393041	0.2170586	0.1160284	0.1442987	0.2700849
0.220394	0.2093997	0.1286057
0.1383193	0.2066064
0.1299391	0.2146364	0.1596911
0.1210971	0.1081207	0.2409833	0.2426844
0.1867617
0.1871586
0.1879342	0.1886229
0.3109302	0.221267	0.2707996
0.1113094	0.2465286	0.2014065	0.2669106	0.269226	0.1623031
0.2232384	0.1285483	0.2482579
0.09752241	0.207399
0.2084907
0.1618879	0.1716859
0.2844008	0.1828224
0.3465688	0.1274679	0.2090809
0.3643286	0.1828125	0.1710674
0.1577275	0.1847939
0.2873326	0.2203309
0.1586612	0.2596764	0.07935842
0.06464142	0.1036867	0.2563963	0.3714808	0.2172898	0.1359882	0.2024591
0.3116826	0.1799208	0.2775727	0.09770061	0.188887
0.2217876
0.2520229	0.2026763	0.1815384	0.1869944
0.2105885	0.1595062	0.2137284
0.1721809
0.2433497	0.1893959	0.2644959	0.2595101	0.1213346	0.2297784	0.3087301
0.1316166	0.2330767	0.09445964
0.216019	0.2025133	0.2620596	0.1961387
0.1645374	0.2064503	0.2685449	0.1894473
0.2224929	0.1805398	0.2517573
0.09538754	0.1940573	0.2638427	0.1604612
0.1199577	0.1977237	0.2737488	0.2920451
0.2308079	0.2477812	0.1304846	0.2991057
0.2127512	0.1883433	0.2581113
0.1290756	0.2236697	0.2469259
0.2283631	0.1420257	0.2939529
0.2203318	0.1408457
0.1621405	0.07180472	0.1419872	0.2428702
0.2225191	0.2264447	0.2885895	0.2312054	0.1665114
0.2396305	0.2351753
0.1395543	0.2133152
0.1936711	0.232541
0.0820738	0.1955026	0.07318573
0.18465	0.1926321
0.2652517	0.190845	0.1938254
0.1352298	0.245962
0.1299291	0.2061534
0.2824783	0.1965228	0.2336388	0.1478457	0.2258803
0.09345434	0.2195648	0.1682065	0.1311621
0.1908274	0.1922671	0.173447
0.1743966
0.2020217
0.1443733	0.2148686	0.1583763	0.2231759
0.2767874	0.2040125	0.1767914
0.1429007	0.208641
0.1562391	0.2199164	0.2087686
0.1569351	0.2184332
0.194517	0.1766402	0.3062247
0.09561396	0.2146418	0.1948327	0.1550872
0.1829914	0.2304704	0.1223781	0.1785631	0.1224724
0.2544891	0.2093706	0.1674985	0.1180329
0.1576477	0.1702722	0.1053611
0.232123	0.1728643	0.1170282	0.2013173
0.1852933
0.2180995	0.2005919
0.1461778	0.1997617	0.2077189	0.1893005
0.2084035
0.18699	0.2072041	0.2215894
0.1263935	0.2723454	0.2070087	0.2422071
0.1187761	0.2595716	0.1485423
0.1952897	0.2090477	0.2253186
0.1398011	0.2281361	0.1900889
0.2355457
0.1913071
0.2002913
0.1474086	0.2024818
0.1669234
0.242762	0.1952339	0.1296898	0.192059
0.238832
0.1594836	0.177561	0.1872334	0.2655433	0.2065313
0.1181813	0.1733184
0.1183323	0.2082234
0.2153056
0.2151485	0.1040819	0.2370159
0.3136165	0.1906856
0.2028646	0.2236109	0.1641805
0.1510611	0.2260932	0.1810891	0.2636898
0.1979878
0.05829033	0.2277242
0.2361312	0.1809852	0.2223267	0.05366919	0.2717151
0.2309977
0.2046866	0.135909	0.1837058
0.2354763	0.1785157
0.3387653	0.3109834	0.2055138
0.1464067	0.2094482	0.3060363
0.2455908	0.1934314
0.2544949
0.1847386	0.1891216
0.1963239
0.1703036
0.2708287	0.165437	0.3683775
0.1936963	0.2035762
0.1936945	0.2107367
0.3096881	0.2261914	0.1594781
0.223718	0.1736263	0.3514719
0.1741944
0.2980726	0.1622655	0.1515344	0.2629662
0.1696981	0.1339412	0.2645428	0.2895444
0.1731065	0.2290385
0.2377608	0.1915898
0.1095463	0.1671403	0.08738707	0.2541998
0.1479453	0.1835027
0.1453543	0.1846784
0.2438987	0.2661678	0.2058384
0.2151428	0.1910816	0.2895056	0.1579868
0.2811503	0.1878341	0.4299947	0.2836786
0.1809422
0.2551504	0.1955665	0.1023638	0.0620505	0.2989509
0.3227352	0.2346656	0.2634251
0.2129498	0.1842272	0.2655672	0.2224311	0.2799851
0.1741908	0.2870175	0.1496938
0.2598977	0.1925911	0.2398119
0.2504404
0.3270405	0.1563603	0.2495918
0.1965236	0.1235015	0.2849805
0.3413726	0.1859163
0.1208054	0.2446386	0.2212001
0.100234	0.1964483
0.1456556	0.2412118
0.2982168	0.2097408	0.1640689	0.2359433
0.1443369	0.1904356
0.03296529	0.1868525
0.1281887	0.1457937	0.2281348	0.1314155	0.2039294	0.2492898
0.2393436
0.2180991
0.2049937	0.1916503	0.230349
0.1433867	0.2121564
0.2077646
0.1844806	0.2419797	0.1819299
0.1242295	0.2091229	0.1095228	0.204999
0.03157211	0.2269899	0.1000859	0.2023526	0.1039257
0.03433337	0.182442
0.2151492
0.1803448	0.2072063	0.4351374
0.1794586	0.13961	0.2060145
0.2351862	0.1957932
0.202304	0.2027491	0.1335215	0.2508384
0.1483772	0.2088252
0.222159
0.2043034
0.0876735	0.2281003	0.1108693	0.1965181	0.2552162
0.1933118	0.1422777	0.3375173
0.1198279	0.2510108
0.1939428
0.1375996	0.1712262	0.1849257
0.166882	0.1910253	0.1880388
0.264319
0.04816115	0.1956298	0.1093847
0.04958299	0.1567236	0.1454975	0.203479
0.1532754	0.1771999
0.2087261	0.1526811	0.2653744	0.1832949	0.2566383
0.1976467	0.2398381
0.2774947	0.3910799	0.1424711	0.1535729	0.147397	0.3969796
0.1457015	0.1957845
0.1866358	0.2131604	0.1007595	0.1675847
0.1529649	0.2198902	0.233755	0.1803607	0.1683049
0.2827338	0.2208584	0.2505954
0.0988499	0.1752233
0.1530513	0.2069743	0.06034033
0.1092598	0.253386	0.2292095
0.1403001	0.2420615	0.2675659
0.2084029	0.1964426	0.203134
0.158803	0.2778763	0.1901496	0.3134047	0.1738561
0.228708	0.1638224
0.2642756	0.2076081	0.1133555	0.2705168
0.1133342	0.1352445	0.1992495	0.1573697	0.1241697
0.1285168	0.1986862	0.1816028
0.1328121	0.3177382	0.2055979
0.1964596	0.220453	0.1606818
0.1183655	0.2043969
0.151798	0.2072868	0.1247769
0.1405457	0.2494498
0.2338133	0.1978639
0.1655292
0.118805	0.2274872	0.168536
0.1814214
0.2168197
0.2040264	0.1407393	0.213276	0.1972902	0.1883133
0.1079507	0.1682121
0.1840144
0.1455849	0.2350216
0.08404976	0.1821668	0.1008225
0.08741297	0.190175	0.2362495	0.2509902
0.1088711	0.208913
0.2525919
0.2917093	0.2215728	0.1719437	0.274082	0.2403879	0.1067131	0.3591583	0.2906011
0.3306126	0.1796691	0.3478567
0.2852755	0.199785
0.2402684	0.1680101
0.2027368	0.1686667	0.1762625
0.2344416
0.2143802	0.1871305	0.2062873
0.222302	0.1748071	0.198347	0.1071823
0.2342532	0.0975233	0.1256251	0.1977193	0.2351531
0.1506167	0.2248308	0.2465533	0.3026613
0.128228	0.1969886	0.2359278	0.178923
0.2107914	0.1891596	0.1628769	0.2432392	0.2675787
0.1874241	0.16538	0.2332263
0.1763185	0.1800223
0.2415166	0.1791073
0.0823084	0.2128638	0.1882105	0.2042037	0.2645395	0.3501712
0.1402321	0.1726163	0.3441721
0.2094214	0.1881746
0.2512115	0.1527374
0.1770413	0.2311057
0.2210298
0.1663627	0.2110154	0.2461964
0.1285931	0.2185765
0.1730045	0.1906426	0.351891
0.1535254	0.1648414	0.2193168
0.1905471	0.1819774
0.16932	0.1625767
0.1846769	0.1747106
0.09204664	0.2265735	0.09254091	0.1167694
0.1455685	0.2106343
0.3502701	0.2329228	0.3051318
0.1671731	0.2127754	0.2546084	0.1574003
0.1315377	0.2154867	0.1340972	0.2747221
0.1620064	0.193569	0.1547152	0.1094869
0.2498087	0.2642409
0.1021163	0.1855714
0.2356033
0.1361386	0.2346677
0.2553288	0.1895514	0.2197331	0.06920557
0.1887892	0.2462998	0.01555714	0.245691
0.1752084	0.2543107	0.2679745	0.09640309
0.06311475	0.184135	0.2116111
0.008892493	0.1961631	0.2104274
0.02750554	0.1815546
0.04596085	0.3134391	0.2257805	0.2004634
0.1195428	0.2073586	0.2725657	0.1181682
0.1933068	0.1430927	0.2406344	0.2875118
0.174519	0.2011632	0.3445688	0.2027673	0.1583216
0.0950535	0.2201023
0.04879699	0.2295429	0.07076189	0.2042949	0.2268785	0.2714024	0.1300072	0.2910689
0.1324075	0.1988965
0.1903844	0.2357968	0.1665403
0.2611261
0.2366789	0.1532673
0.1241548	0.1827475	0.1383344	0.1069024	0.2444379
0.1880051	0.2481951	0.2608177	0.1386909
0.1159764	0.1545066	0.2693719	0.2364093	0.07454332
0.08939904	0.1580932	0.1429782	0.2404845	0.2074555	0.2825304	0.001202889	0.2733238
0.1960098	0.208633	0.2380622
0.2055427	0.1729464
0.1851271	0.1724649
0.2501242
0.2148943	0.2102106	0.195859
0.2486104	0.2025863	0.2865085
0.2627214	0.09820532	0.2516217	0.1733544	0.1614859
0.1271003	0.1993248
0.1561463	0.2063674
0.1974821	0.1354457	0.1997178
0.2036623	0.1957572
0.1380144	0.2111039
0.1946849
0.209503	0.1921889	0.1850108
0.2067446
0.07812434	0.2033375	0.2714354
0.217015	0.1055277	0.1745922	0.1858876
0.2200431	0.1909268	0.09398094
0.2880338	0.1937403	0.1826973
0.1950026	0.1671307	0.2077347	0.2437983
0.09495242	0.2342508	0.311689	0.2403919	0.1414135	0.2794219
0.1808864
0.2158735
0.1989443	0.2138549
0.1810658	0.2239288
0.1666382	0.2089586
0.2209038	0.2103859	0.193072	0.1469011	0.2940312	0.2490018
0.1527503	0.1931597	0.2815749	0.2881633
0.07872834	0.1994298	0.1666544	0.1198541
0.1871502
0.1426182	0.3042746	0.1946613	0.2090083	0.2417606
0.1004999	0.1902034	0.2255087	0.1160342	0.240653
0.1874721
0.1878828	0.07827362	0.1894048	0.1923164
0.1790147	0.1796077	0.1898486	0.2611605
0.1619243	0.2230258	0.1025484
0.09416169	0.1937984	0.08816634
0.2117272	0.1433133	0.208114	0.2688826
0.1478359	0.2158598	0.2289041	0.1345962
0.1898591	0.245395	0.2800274	0.1890703	0.08772226	0.37844
0.1285727	0.2012856	0.2464741	0.3252363
0.230959
0.1973576
0.1488678	0.1692524	0.2232286	0.2331471	0.224337	0.1607304
0.2572068	0.2477037	0.1309527
0.305723	0.183314	0.0784631	0.2582237	0.4366111
0.2153306	0.2221499	0.1395249
0.2391683	0.2081539	0.1227618	0.05232699
0.09934801	0.1913517	0.1109108
0.2264115	0.1897882
0.09998311	0.1928158	0.206753	0.2595777	0.1807998
0.2003955
0.2279169	0.1853271	0.1583308
0.1684176	0.2172641
0.3237695	0.2092517	0.3054949
0.2883941	0.1682258	0.2906098	0.1689605
0.2557106	0.1956455
0.1773352	0.1922022	0.3699509
0.2150082	0.184751
0.263379	0.2301781
0.1811676	0.1808798	0.1744029
0.1455745	0.2087643
0.1977486
0.1708375	0.2336792	0.1725817	0.4813472	0.1967103
0.1082178	0.2032639	0.2161247
0.1825109	0.1416073	0.2772354
0.4249119	0.2753602	0.1236757	0.256138	0.1408941
0.1600052	0.2146378
0.1650923	0.2076429
0.1935189	0.2094566
0.2159943	0.2190371	0.1426848	0.1855226
0.2371724
0.2135766
0.2242679	0.1188152	0.2145593
0.3477845	0.1837932	0.1660641	0.2178468
0.1300283	0.2053772
0.1700785	0.1975414	0.1355949	0.1284585
0.1192283	0.1963408	0.1413063
0.1576938	0.1898632	0.1831061	0.1669194
0.1739515	0.1802423
0.1495271	0.2100128
0.2360518	0.2071544	0.2150044
0.2061687	0.2048788	0.1806709
0.2162309
0.1650631	0.1931009
0.1820463	0.1823618
0.2070089	0.1851913	0.1194305
0.2315898	0.1992359
0.1383725	0.2813933	0.1702287
0.2803957	0.1999382	0.2614162
0.3190255	0.1824614
0.144088	0.1800007
0.1718951	0.1037173	0.2168887
0.0655349	0.2001542	0.1223664
0.1666678
0.2128311	0.1878483	0.2793916	0.2179505	0.1672568
0.1872768
0.1520163	0.2000017
0.1656955	0.2080857
0.1758886	0.1740724
0.2894123	0.2156854
0.1579767	0.2308278	0.09623816	0.1785815
0.116462	0.2004106	0.1706535	0.188064
0.1524296	0.2000005	0.1637572	0.1904822	0.3128937
0.2264058
0.1840304	0.2208402	0.2685381	0.2450105	0.2333829
0.1700311	0.2557565	0.2522117	0.1945702	0.1805441
0.1284667	0.2219562
0.2275289	0.1941395	0.1551321	0.1807168
0.116989	0.1987989	0.1869148	0.1324468
0.2723205	0.2141154	0.2619183	0.08664755	0.1582607	0.128203	0.2594589
0.06588615	0.1766009	0.2829861	0.2129358	0.1358182
0.1759305	0.1706219	0.06211144	0.2482853
0.1520423	0.2186
0.1741477	0.2636701	0.112978
0.2233113	0.1939592	0.112814
0.1678166	0.2144788
0.300275	0.2203809	0.2383071	0.309927
0.2020516	0.1836199
0.1789342	0.1758333
0.2317701	0.2509093	0.1792047	0.189915
0.1216323	0.1899015
0.1593433	0.1877524
0.2881092	0.1913508	0.1984692	0.1439346
0.1573776
0.1508655	0.185679
0.1627835	0.2467178	0.2255073
0.07934597	0.2005799	0.1623971
0.1613606	0.226882	0.1899178	0.2399632	0.2190086	0.2153622
0.1253364	0.1832697	0.1602568	0.2068648
0.1202329	0.1958761
0.1105508	0.2057333	0.2340245	0.2957866
0.2428914	0.2027302	0.2348292
0.168075	0.2883567
0.2979999	0.09329224
0.2599504	0.2352254	0.2662965
0.1130545	0.1637063	0.1642891	0.2679134	0.3404424	0.1714731	0.159544	0.3938816	0.2139571	0.1703026
0.04049348	0.1697978	0.2323886	0.1087936
0.2214482	0.1780018
0.1586128	0.2298939
0.228476	0.2322425	0.1120726
0.2454326	0.244754	0.1693953
0.1685907	0.156937	0.196752
0.24878	0.2244378
0.124498	0.1950627
0.2296519	0.2544042	0.1961947	0.1666458
0.1545722	0.1721835	0.3160004	0.2339245	0.2687437	0.1980001
0.1829201
0.2873893	0.185596
0.05569511	0.2311276
0.04393266	0.1835501	0.1931444
0.02073388	0.1782258	0.3352017	0.260272	0.2517875	0.1688024
0.07027592	0.2102603	0.3644635
0.1703696
0.1363641	0.1034587	0.2087265	0.2248096
0.1131881	0.2029412	0.1518111	0.09777335	0.169676	0.1683573	0.2741694
0.3630199	0.2040306	0.07798553
0.2754405	0.1908714	0.3166645
0.3542118	0.1815744	0.1755864
0.17331	0.192038	0.1183669	0.2018573
0.1745815
0.154369	0.2309869	0.1254603	0.2142935	0.224402	0.2382889
0.2262254	0.2729347
0.1328698	0.2541276	0.2699777	0.1669413
0.1894179	0.133594	0.2361082	0.1533601
0.1800515	0.1628496	0.253961	0.1809283
0.2031324	0.259845
0.3006296	0.2200333
0.2439368	0.215406	0.107131	0.2240984
0.4251555	0.1651969	0.1690115
0.06518531	0.1963074	0.2034427	0.1799748
0.1256565	0.2347026	0.183865	0.2320352
0.3144726	0.2797086	0.2954669	0.1729148	0.2643293
0.146054	0.1908982	0.1283463	0.1564847
0.1846492	0.1380474	0.2527066	0.2242047
0.2405191	0.1575113	0.1961475
0.169135	0.2022588	0.2185937
0.1692814	0.1725825	0.2265596	0.3796882	0.1513211
0.1995583	0.2076992
0.1822574
0.2021522
0.2695874	0.3245202	0.2368553
0.1724445	0.1978471
0.3085899	0.1941683
0.1993191
0.1727464
0.2369376	0.2139209	0.1284528	0.275311	0.2051988
0.09893047	0.1803221	0.1024682	0.2107339	0.2198846
0.1622135
0.1492654	0.21885	0.1762725
0.2081932
0.01199839	0.2085478	0.2665641
0.2075293
0.3299743	0.2384615	0.2384448	0.1538601	0.1930765	0.2045657
0.1544613	0.1932172	0.2055755
0.1988427
0.3990493	0.2212008	0.1972164
0.2781834	0.2353238	0.3087213	0.2401123	0.1796907	0.2136196
0.123046	0.1948616	0.2177487	0.2073959	0.2409099
0.09912241	0.1912626
0.1309861	0.1601793	0.2964152	0.2166064
0.1536611	0.1694383	0.3106419
0.1922534
0.2287476
0.09943701	0.2189131
0.1354925	0.2005559	0.1316316
0.2400246	0.04712543
0.2033353	0.1805272	0.2908407	0.2477089	0.2355945
0.1841109	0.2760766	0.08503912	0.1811744	0.2328586
0.2409196	0.2034935	0.3577335
0.1934368
0.2352109
0.167593	0.2020429	0.1119293
0.3058048	0.1865778	0.1326236	0.1540404	0.176027
0.1775434	0.2025749
0.2044356
0.1659007
0.1374724	0.1473551	0.2044359
0.1978083	0.208763
0.1919975	0.346119	0.1698086	0.1657977	0.2056954	0.204889
0.17142	0.1829656	0.1236021	0.2619505	0.1752713
0.1841057
0.1451635	0.1858364	0.3227153	0.1790665	0.1125946
0.2353778	0.1733666	0.3909036	0.2677444
0.1553265	0.2038802	0.1123624
0.09522258	0.1911236
0.135052	0.2092787
0.2315752	0.2178107	0.1271101
0.1413571	0.1644361	0.2119928
0.189554	0.19755	0.1353498
0.1639224	0.1688367	0.2429198	0.1339736	0.1520672	0.2745371
0.2651119	0.2094031
0.1553849	0.2199985
0.1939651
0.1413452	0.2016616	0.1320058
0.1790739	0.2239685
0.1266934	0.2023215	0.1669878	0.2340591	0.2529277
0.1528006	0.2079758	0.2175309
0.166675
0.121642	0.174687	0.2884316	0.2197235	0.2932471
0.2148436	0.1719738
0.2027749	0.1955138
0.2333106	0.208558
0.1423438	0.1932329
0.1110881	0.1705668
0.1091383	0.2555432	0.2052334
0.2308847	0.1870337	0.2072918
0.1384477	0.2057384	0.1542837	0.1917555
0.1749439	0.2048167
0.08069419	0.1896131	0.1420354
0.2284413	0.2400615
0.262836	0.1269522	0.2487942	0.2192	0.2679732	0.1529716
0.1955906	0.2232072
0.1651528	0.2493122	0.2138627	0.1141955
0.116495	0.2503535	0.1985448	0.3351924
0.1881903	0.2412842
0.195442	0.137847	0.2916693	0.3161255
0.2909875
0.2231961	0.2625667
0.2595677	0.1706071	0.2608611	0.2833953
0.2802846	0.2539108	0.241928	0.2829441	0.232216
0.1961078	0.1649682	0.2761551	0.1787176
0.2254379	0.164182	0.2697988	0.1489898
0.1093222	0.1152385	0.1858301
0.0210837	0.1827656	0.1169751	0.254851	0.09310794	0.2227227	0.1151807
0.1749129	0.2439678
0.2103977	0.0863278	0.26461	0.2915732	0.2359433
0.1698012	0.1941004	0.298588
0.2127715
0.298652	0.2192921
0.1846296	0.185693	0.1026257	0.2176431
0.2324292	0.194136
0.3288072	0.2045207	0.2807264	0.2886151
0.2029335	0.1694324	0.168653	0.1853694
0.09884093	0.1975656	0.2272359
0.193813	0.261702	0.2405464
0.1722925	0.2271539
0.1755993	0.2430169	0.2513412
0.2049737
0.2265186	0.1440745	0.3342354	0.1978392
0.1894293	0.2170864
0.1515501	0.2375024
0.1739532
0.1724148	0.1977986	0.1460499
0.1095045	0.232921	0.1585759	0.2003322
0.07539617	0.1835303	0.1522145
0.2103662	0.1897787	0.1512882	0.07922976	0.3186368
0.3472271	0.1717232	0.2125209	0.2448607	0.2419401
0.224261	0.1739734	0.1850476	0.1178172	0.1804606
0.2231115	0.1954159
0.2091647
0.202983
0.09621468	0.1852831
0.152773	0.2309466
0.1999811	0.1563888	0.2549911	0.1354322
0.07229012	0.1478182	0.2347389	0.3217062	0.314644	0.2591633
0.1698858	0.181933
0.1914336	0.2307004	0.1200779
0.2539865	0.2152819	0.1248313
0.1237279	0.2122404	0.1733776	0.1626873	0.254429
0.07628351	0.1548534	0.163302	0.2549097
0.2000967	0.2008322
0.1783295	0.1925186	0.2121619
0.1999655	0.2048106	0.1454149	0.1929481	0.2647487
0.1824561
0.09540017	0.2029603	0.1074668
0.1836671
0.212097	0.2135772	0.1848548
0.3253654	0.1910935	0.1872314	0.1762573
0.3325598	0.1678607	0.2299036
0.1422309	0.1594249	0.2188243	0.1786625
0.1913796	0.07478763	0.2545761	0.221885
0.1914831	0.2065187
0.1734309	0.2540794
0.1137409	0.2343496	0.0811573
0.1578947	0.1988762	0.1952967
0.2145586	0.2250618	0.1547769	0.1236299
0.1562869	0.1842737
0.1386965	0.3118566	0.1764901	0.1774685
0.08115046	0.1649688	0.1320993	0.1967647
0.2257283	0.1935464
0.1968377	0.2066471
0.2300196	0.192861	0.3014826
0.132788	0.2038265	0.1759829
0.1287213	0.2028955
0.1221641	0.2146631	0.1298145	0.1448289
0.1224475	0.06063832	0.1841507	0.2692468	0.2376092
0.126898	0.1706813	0.258785
0.1367176	0.2166401	0.239894
0.2415915	0.2189592	0.2821687
0.2721136	0.2102466	0.1068158	0.1624598	0.200788
0.2052015	0.172559
0.1727292
0.1729288	0.1980681	0.177799
0.2498303	0.1543123	0.2639166
0.2106922	0.1916627	0.1498977	0.1770058	0.157865
0.085983	0.1786949
0.1959715	0.1872081	0.090504
0.3092348	0.1820254	0.2781287	0.1800513	0.1986301
0.3377894	0.2032352
0.1383272	0.2263186	0.2321368	0.3256036	0.2465722
0.1764581	0.1778539	0.2991466	0.1905293	0.3337948	0.1681799	0.1734932
0.1387254	0.193887
0.1209193	0.1880705	0.2127422
0.215092	0.225184
0.1698152	0.2075598
0.1823783
0.3111106	0.276175	0.1754269	0.1362061	0.2087069	0.2196284
0.2680403	0.1898186	0.2350554	0.2362244	0.2720898
0.165315	0.2302893	0.2172533
0.1800374	0.2428587	0.2414636
0.2548305	0.1851432
0.2130982	0.1969627	0.3165333
0.1916009	0.2046928
0.1834403	0.2496356
0.3535387	0.2065813
0.0395312	0.1861803	0.2838126
0.1479145	0.201655
0.1946544	0.1671836	0.253833
0.2248909	0.239374	0.2692694	0.1625291
0.203331
0.1342943	0.1585209	0.1745181
0.1006791	0.1896521	0.2121411	0.1284389
0.2012349	0.1665608	0.2022804
0.1735368	0.3239863	0.2216143	0.1553054
0.185529
0.1954196	0.1803704	0.1493164	0.1313023
0.1357889	0.189702
0.1777649	0.2268451
0.1880625	0.2147944	0.1584393	0.07217306	0.2405285	0.2666729
0.1830505	0.1861857	0.1372424
0.1904877
0.202935	0.1068421	0.1974689
0.1500004	0.1909424	0.1966969
0.1389767	0.2259923	0.1038887	0.3062303	0.2678043
0.1390604	0.2327119	0.2825889
0.2563382	0.2467923	0.2400103	0.1906299	0.1234721	0.1712627
0.1589617	0.239334	0.2636554
0.2753485	0.1781093
0.1673217	0.1964549	0.2527735	0.0830157	0.1434646	0.1240924
0.140838	0.1863587	0.1220945
0.2092299
0.1729886	0.2314273	0.1947831
0.1888096	0.1904771
0.09262342	0.1949494	0.1731907	0.2604031
0.2390284	0.225946
0.1619627	0.2394317
0.1616249	0.1997855	0.1241091
0.2767222	0.21319
0.08530083	0.1574855	0.1219778	0.1902474
0.18982	0.1833739
0.2176456	0.1764226	0.07892029	0.1806928	0.2079217	0.1811281
0.1355449	0.2339242	0.2397217
0.135513	0.1979582
0.1430566	0.1892829
0.2867429	0.2155598
0.276334	0.1742341	0.198269
0.08170467	0.1808509	0.2280848
0.2534702	0.1988384	0.1442543
0.1954697	0.2194109
0.2293189
0.2493474	0.1798325
0.3202849	0.1864691	0.1842401
0.2171026
0.2665006	0.114927	0.1850071
0.1715397	0.2061114
0.2425934	0.2796054	0.1950099
0.3623776	0.09775394	0.2756957	0.2691481
0.2395153	0.03382707	0.2691137
0.2178313	0.2191857	0.2076815	0.1256194
0.2513109	0.2123727	0.1024002
0.2178885
0.0581699	0.2102458
0.04999682	0.232524
0.2042307
0.1478805	0.2389196
0.268937	0.2486188
0.1192255	0.1706037	0.1018063
0.08217922	0.1578186
0.1718337
0.1642752	0.1959162	0.1108921
0.1831527
0.2499946	0.1980368
0.2857796	0.2010085	0.2428636	0.2475355
0.09945049	0.1804625	0.2001807	0.2925401
0.1214354	0.1958053
0.07833852	0.2090147
0.0959997	0.1969052
0.2059581	0.2441176	0.2209562
0.2096699	0.212394	0.166469
0.1936093
0.2363768	0.2289202	0.1805855
0.2203427	0.2389535	0.1528858
0.1579233	0.2253815
0.03855866	0.2071674	0.2211982
0.1138033	0.1903074
0.1545457	0.2216391	0.1649926	0.2577588
0.2683782	0.2826873	0.1200546	0.3253526	0.2227869	0.150752	0.2674695
0.2767971	0.1078538
0.05343876	0.2149898
0.2076505	0.2073444
0.1681533	0.2107257
0.2707727	0.1434439	0.2075215	0.1933885	0.1369716
0.3811524	0.2153098
0.2307413
0.1817234	0.1980449
0.2006251	0.1969636
0.1883153	0.1483977	0.2371408	0.2115403
0.2477536	0.2419995
0.1502229	0.2215589	0.1812171
0.1897652
0.06011299	0.09045759	0.340167	0.1953954	0.1453432
0.1658708	0.2328344	0.1910406
0.06715218	0.2013019
0.2081565	0.1873351
0.158339	0.1785901
0.211104
0.1687595	0.2304028
0.2031208	0.1967622	0.2047949	0.2472708
0.2984807	0.2039613
0.1496657	0.1966608
0.2377902	0.1876395
0.2340682	0.2371502	0.2237538
0.1633787	0.2171028	0.2317425	0.1621985
0.2067895
0.2316435	0.2137766
0.204025	0.2180679
0.3179625	0.1269976	0.1879944	0.2306172
0.1259305	0.2306612
0.05023853	0.1785718	0.3339961	0.197486	0.3461794	0.1959181
0.1430431	0.1955126	0.2155867
0.1126688	0.2011767
0.10032	0.2011069	0.173947	0.1279548	0.1314666
0.176295	0.2105021	0.1596172	0.1706041	0.2292273	0.2235917
0.2355515	0.2263499	0.1154801	0.2294829	0.352456	0.1398789	0.1765533	0.2331216
0.1455429	0.1715133
0.204304
0.1259725	0.238364	0.2049453
0.1956961
0.2976574	0.1851892	0.2353606
0.2721247	0.2426756	0.2334554
0.1873641	0.1664551	0.2530523
0.2351079	0.1612011	0.2824975	0.2105885	0.2192757
0.2519527	0.1345499	0.2787595
0.1546382	0.2110286
0.08708485	0.1528677	0.2262377	0.2243819	0.08900225
0.1818301
0.2799742	0.1893023
0.1790207	0.2513453	0.3275108	0.1623727	0.161913
0.2163858
0.1739345	0.1953436	0.1083299	0.1785015	0.11098	0.209611	0.0691733
0.0801951	0.2164758	0.1884967
0.06284481	0.2268099	0.1228006	0.2122261	0.219783
0.07766825	0.1904154	0.1166546
0.2706175	0.1888696
0.1772296
0.1747348	0.1816651	0.1969395
0.2150439	0.2008675
0.35103	0.1338551	0.2092074
0.1488247	0.2741599	0.2130639
0.2057137
0.1334487	0.1793717	0.1544477	0.1565823	0.1650504
0.2117953	0.2257273	0.2810495	0.1627801
0.1748754	0.1934237
0.2428452	0.2389071	0.1750642
0.3554964	0.2599053
0.1303982	0.1795005
0.208167	0.2255655	0.1936203
0.3017363	0.1857268
0.166054	0.2185112	0.1956216	0.1834822
0.08108293	0.1897528	0.3021397	0.2711627
0.1499307	0.2068718	0.1304343	0.337127	0.1432906
0.1558866	0.179248
0.1162936	0.1823491
0.1667404	0.235927
0.1771398	0.2234986	0.1420734	0.1905108
0.2677959	0.1684631	0.2285686
0.2746083	0.1191258	0.178333	0.1744197	0.2792915	0.08450037
0.1330737	0.1836696	0.1620809
0.2502452	0.1749139	0.2348173	0.2539467	0.1823524	0.06597347	0.10032	0.2876518
0.2173398
0.1775845	0.2277601
0.0964904	0.2191814	0.2151157	0.177455
0.1744921	0.2668261
0.1976188	0.2026347
0.2267327	0.231361	0.1644366	0.105719
0.2008833
0.244897	0.1783876	0.148339
0.1928151	0.1760476
0.2474544	0.1872337
0.1918216	0.19533	0.1821815	0.3999968	0.2524166
0.0747771	0.1581794	0.1703852
0.2804291	0.17474
0.3218364	0.1505113	0.1924468	0.2453298	0.08803691	0.2168736
0.2767389	0.1863279	0.1781237
0.2152505
0.1459991	0.226755	0.1809911
0.1981786
0.1408178	0.2015722
0.2147261	0.1228898	0.2650442	0.1822864
0.1272671	0.2195894	0.1974822	0.2710375	0.2119768
0.1922851	0.2340154	0.1574646
0.1239982	0.2197409
0.1968196
0.2115682	0.1764017	0.1698034
0.1886833
0.1883087	0.1621106
0.1473685	0.1985274	0.1893439
0.1981453	0.2661463	0.1555424	0.1928797	0.08020658	0.1930263
0.1151386	0.1838977
0.1942072
0.321337	0.2109946
0.1890009
0.1917518
0.1964278	0.1842368	0.05554415
0.1212162	0.1933526
0.2189524	0.2559085	0.1180433	0.1473769	0.1941985
0.2130765	0.257553
0.2323982	0.1569274	0.1029554
0.2170406	0.1852753
0.1889626
0.06460848	0.1660965	0.2092918
0.2487837	0.1827478
0.1723003	0.2774529	0.1443244	0.1863548
0.2642279	0.1505009	0.2149653	0.2587191
0.1469937	0.2691599	0.1428	0.2062784	0.2040986
0.2333641	0.1928514	0.1440689
0.206752	0.1866192	0.2076771	0.1582009
0.2082853	0.2251807
0.2340988	0.2309393
0.1191843	0.207438
0.3472573	0.1748062	0.219027	0.2918182
0.2348936
0.2406731
0.1674013	0.2708362	0.2254248
0.1935451	0.1105224	0.2740236	0.08788337
0.1022229	0.1644734	0.2871995	0.2634445	0.1962169
0.2848962	0.3052382	0.2186571	0.1841514	0.1979442
0.141149	0.2241038	0.1791226	0.2918982	0.2493303	0.08885462
0.1523497	0.1890562	0.2087108	0.1783916
0.2303875	0.2468669	0.1641771	0.1916923
0.2079322	0.1986753
0.2079257	0.23396	0.2606056	0.2242162
0.2033805	0.1306525	0.2139112	0.2066873
0.1237919	0.2055796	0.1506275
0.156324	0.2073852	0.1832842
0.1988432	0.2121919	0.2677315	0.137977
0.1031066	0.1634745	0.2123138	0.1827803
0.1918099
0.154817	0.1927308
0.2895093	0.1682003
0.1663226
0.1364663	0.2228177
0.1317566	0.2680872	0.2348744
0.2071975
0.3810714	0.2240161	0.08748062	0.1825748	0.1129316
0.1984341	0.1708392	0.3060605	0.2616363
0.1963232	0.1775578	0.07336245	0.1193795	0.2459586
0.2783147	0.1126912	0.1742541
0.2277482	0.1295009	0.1988692
0.2127261	0.2301825	0.1530589
0.1770727	0.2437371	0.1902272	0.1202995	0.1156085	0.2673787
0.2227048	0.2587211	0.1343943
0.2260947	0.1814263	0.2386202
0.2475706	0.156273	0.2318671	0.2126993	0.2445307	0.3524811
0.1692678	0.249922
0.1974847
0.230267	0.2068933
0.1676631	0.1907646	0.2251239
0.1734211	0.1889352	0.2263041
0.09048746	0.1958754
0.2401724	0.1942071	0.1932873	0.1723628
0.1659911	0.1289768	0.2564171
0.192943	0.1072614	0.243859
0.2234198	0.2019781	0.08808825	0.1921727
0.1966266	0.2593355	0.2050735
0.2589689	0.1430301	0.2076483	0.2626108
0.1993071
0.1828548
0.1586811	0.2145675
0.2650209	0.1266002	0.3062183	0.1833637
0.2286323	0.1533287
0.2678856
0.2035531	0.1780029	0.210773
0.2160936	0.1581213	0.2077522
0.2336209	0.1771762
0.09901983	0.2590701	0.1525984	0.3621402	0.2464414
0.1463639	0.2068048	0.1531546
0.1554241	0.221031	0.294876
0.224402	0.1412734	0.1959745
0.1384722	0.1832137	0.1540577
0.1719232	0.1786023	0.1197916	0.1272615	0.153205
0.156055	0.2059948
0.2127231	0.1712003
0.1708798	0.2122786
0.1659431	0.2212236
0.2628663	0.3403425	0.2614623	0.338751
0.1458253	0.111891	0.3170157	0.2127225
0.2016401
0.18431	0.1960898	0.2703686
0.161677
0.1938147
0.08234229	0.1988804	0.2703962	0.2539432	0.1803692	0.2973399
0.2467446	0.1870841	0.07348088	0.2705089	0.1636268
0.05596548	0.1616167	0.2154368	0.1758575
0.1845949	0.2196485	0.2167389
0.2020618	0.1454104	0.2003388
0.2164079
0.08167418	0.2265454	0.1917788
0.1565885	0.1977543	0.1380189
0.1921436
0.2299072
0.1075803	0.2306069	0.1174453	0.2244756
0.1874123	0.1947679	0.1833865	0.2458599
0.2832177	0.2108047
0.1029601	0.2239081
0.1989537	0.2219634
0.2667364	0.205806	0.07061127
0.2298644	0.1464711
0.1042527	0.1760917
0.111669	0.1768167
0.1828805
0.1375337	0.2997538	0.1621681	0.1711625	0.1339757
0.2680983	0.1963528	0.2216279
0.1961288
0.1800497	0.1641204	0.1867662
0.187357	0.286838	0.1906327
0.1607918	0.1140857	0.3145238
0.1345099	0.101081	0.3158112	0.2377524
0.2507946	0.1359957	0.2437661	0.2193811	0.1764757	0.2833684
0.1653102	0.2138863
0.2531632	0.1665505	0.1370245
0.1099933	0.1821329
0.0652951	0.3500033	0.2416135	0.1156311
0.2163457	0.2303674	0.2196433	0.08256428
0.2109479	0.18983	0.2551992
0.1815448	0.2479325	0.133175
0.2628998	0.2751861	0.1467293	0.1138551
0.215006	0.2401337	0.1450368	0.1882686	0.2725407
0.09679229	0.09055849	0.2303914
0.1215084	0.1524194	0.1418191	0.2289543
0.1072433	0.2892081	0.181132	0.2778301
0.2611449	0.1787701	0.2192201
0.1738559
0.2214914	0.246114	0.2282127
0.1802643	0.1714844
0.1963192	0.1801979	0.2637042	0.1947459	0.08186742	0.2261761
0.1841132	0.2717302	0.288661
0.1726363	0.2148337	0.1657934	0.2114915	0.2695092
0.1990572	0.2460838	0.1757975	0.1253947	0.1788484	0.3350223
0.1876034
0.07149323	0.2312534	0.2709207	0.1930227	0.2045136	0.1160294
0.1245656	0.1933112
0.222455	0.1857218	0.1078225
0.1045189	0.2372491	0.2207589	0.1821233
0.2073365	0.1835109	0.211168	0.2963318	0.1975774	0.1672781	0.1865671
0.1958265
0.2273788	0.2054861	0.1927722
0.2691524	0.212861	0.1123282	0.07428767	0.1345886
0.244909	0.2321143	0.1819189
0.2341708	0.2085336	0.1017086
0.2084392
0.1910165
0.1215725	0.1812756
0.1994082	0.1742833	0.1264752
0.1118337	0.2056205
0.1564779	0.173189
0.1167325	0.2015099
0.2156253
0.2552553	0.18949	0.3088359	0.1910178
0.1817421	0.2183516
0.2429914	0.1940407	0.2220177
0.2251058	0.0870792	0.2594332
0.1304531	0.2530027
0.1059588	0.1285814	0.2147753	0.1924891
0.196385	0.1801226	0.1426157	0.2079761	0.06281603
0.2105451
0.1826522
0.1652658	0.1979787
0.2080871	0.2273422	0.1133878
0.2153518	0.2242511
0.1942467
0.2236795
0.09503373	0.2332923
0.2084731	0.1605534
0.181467	0.2294627	0.2062309	0.3227892
0.1846271	0.1874131
0.07999015	0.1983318
0.3234889	0.2186471	0.2122949
0.2210434	0.1803325	0.1961746	0.1956049
0.2709116	0.1707863	0.1863208
0.1611431	0.2210597
0.2265581	0.1872141	0.1461648
0.1908823
0.1458725	0.1820122	0.2467549
0.1753006	0.1608349	0.2202824	0.20732	0.3176617	0.2056265
0.1774345	0.2768406	0.145785	0.1801511
0.1430239	0.213943
0.1698543	0.1928676	0.1029214
0.1710253	0.2161333	0.09079814	0.1515774	0.2192526
0.1397834	0.195399
0.125876	0.1856215
0.1735014
0.1516808	0.2014487
0.1493455	0.219337	0.191837	0.1678956
0.2194687	0.188804
0.3256671	0.203757	0.132367	0.2649477
0.1827647	0.1853676	0.1897421	0.2954742	0.2629603
0.180851
0.2012792
0.1019315	0.2026487	0.1694063
0.1900754	0.2224024	0.3039274	0.06828703
0.1925446	0.1920385	0.1101335
0.2616929	0.216284
0.180649	0.2001091	0.3021375
0.2288197	0.2118704	0.1216877	0.2871985
0.1294756	0.2205396	0.1908379	0.2096789	0.1453568
0.1001173	0.3199636	0.1981859	0.1999894
0.2889489	0.18943
0.1745973	0.1764894
0.2280612
0.3384487	0.08958691	0.1615295	0.1942138
0.1520971	0.1701213
0.2504016	0.1966956
0.1362959	0.1909056	0.2004383
0.277184	0.2009929	0.1170145	0.1212462	0.1772387
0.238804	0.2089893	0.1396018	0.1960243
0.1823134	0.2207401	0.1514411	0.2037296
0.2930745	0.2269119
0.3473903	0.1868332	0.2304405	0.0242392
0.2080852	0.2382331
0.09304542	0.2416007	0.2302448	0.1646764	0.1716818
0.2577293	0.2381569
0.1489557	0.218462
0.1206997	0.1709384
0.1864096	0.188503	0.06931934
0.2159914	0.1939615	0.1702264
0.1609583	0.1755838	0.1223048	0.1456928
0.3389172	0.2089402	0.1578815	0.1769585
0.3324855	0.1764677	0.3539461
0.1977593
0.1470286	0.2138868
0.06559203	0.190677	0.09984333	0.2422309
0.1699842	0.2043436
0.1452339	0.1801418
0.2894187	0.156826	0.2249337	0.2263909	0.2724941	0.1103152
0.3603073	0.1194395	0.1998606	0.2547822
0.2054369	0.2204563	0.1699586
0.1488382	0.2331551	0.1989958	0.1395733	0.1530234
0.1517061	0.2114972
0.3040854	0.1112059	0.2432834	0.1658703	0.1514349
0.2140157
0.2285183	0.1758617	0.2786952	0.2234504
0.2588632	0.2280979
0.177413	0.2210276	0.3308199	0.3018227
0.2011286	0.170289	0.3139036
0.2703061	0.1568404	0.2946613	0.06431617	0.1463364	0.3030727
0.2266725	0.211581	0.2601377	0.1664978	0.07042584	0.2019233	0.3166708	0.2080784
0.3207823	0.2108011	0.3049044
0.1790517	0.1980805	0.3102771
0.1834193	0.2127084	0.2251277	0.1743436
0.2042257
0.140936	0.2191183	0.2816348	0.2531391
0.1914841	0.2477827	0.2089579
0.175015	0.1873222
0.2219319	0.1884285
0.2577769	0.1747689	0.1953495	0.1972499
0.2896784	0.1920865	0.2593955
0.3510714	0.1131177
0.189966	0.148986	0.297466	0.1711129	0.2360676	0.2619404
0.1228291	0.1878808	0.1134895
0.1445946	0.218973	0.2058709	0.2137935
0.1994846	0.1244956	0.2004136
0.1919383	0.2173232
0.2481025
0.2023224	0.1901138
0.1564206	0.15994
0.2657054	0.2110174	0.1889006
0.2313628
0.1892073	0.1646784	0.05839542
0.1786663
0.1065592	0.2042172	0.1558187	0.1766809
0.181243
0.2065676
0.1153609	0.2079907	0.1296217
0.1241196	0.1960145	0.1146252
0.1499976	0.1704912
0.08367412	0.209626	0.1652401	0.1709892
0.1599339
0.2173327	0.1985766
0.1728515	0.19767	0.1959251	0.290635	0.2756926
