SpeciationRateChanges
4.514792	1.80422
13.76463	41.23962	55.62769
40.45368	5.719349	9.992423
40.49912	3.104076
4.358608
13.33626
30.20654	35.35399	8.873591
50.67883	0.2565144

38.84224	28.3392	48.54739	37.75931
47.72912	29.22607	41.00525	27.56183	36.19593	23.02671
51.29671
8.443601	21.2349	0.1967485
45.65175	34.15251
41.94301	51.76671	19.77886	39.90157	41.86693
35.82927
40.34477	29.22704	9.940929	15.28447
38.32083
50.30106	9.040805
39.41487	55.33657	8.054358	26.85931	0.4895788
44.11711	39.28189
39.43887	10.13168
37.76936
40.52622	25.52872	17.89399
37.33965	51.15706
26.97547
22.44328
8.981036
28.2743	43.63486
42.37487	12.07854
46.89462	32.77544	16.0938	12.69975
28.95273	20.90992	40.5902
19.08077	39.67716	52.81165
49.2289	3.915209	24.05904
40.73585	8.00161
53.9014

55.67494	51.60927
55.41436
1.379644
28.43076	7.048527
47.7286	42.55859
22.43762	31.42071
7.084796
54.80288	14.60069
30.97806	23.41176
23.25091	6.168366	52.08889
46.564	45.64566
28.49406	41.3253	55.25768
55.38687	37.18643	26.83426	4.215229
55.38687	30.4719
8.46329	55.26684

5.949654

10.02878	7.66248
11.31746	38.15981
36.7885	55.81421	16.22933
1.189084
5.586286

17.89405	45.71753
4.102213	45.79715	27.92559	38.73761	17.72118
43.93626	19.22954


5.040079	54.93894
5.002073	55.2625
23.21839	7.327379	55.19906	30.05493
42.01862	52.0857	0.3211156	54.71377
21.83454	55.37578
6.927444
24.30567	31.3178
19.84215
20.05907	28.87637
28.51698	53.51028	7.577464	43.4719	51.77069	42.27653
46.32951
29.52636	4.230137	5.401269	25.43675
11.69483
25.66223
47.31135
28.85784	25.59422	7.450616
42.62906

18.35977
38.29986	0.02580015
16.08294

13.05141
54.08915
46.71605	42.08341
36.14322	55.1412
22.28306	37.06097
4.320512	35.45351
9.571176
3.490863

15.52015	23.09575
39.87803	11.2515
46.47927	5.884656	45.90273	27.06522
24.01202	48.12071	23.56156
25.58591	40.45086	9.072244	10.42748

42.73848
38.36596	0.6742658
37.59541	28.5267	54.61619

40.7312
43.38658	11.02318
41.12705
17.90989
44.85059	0.4567928
29.01142	39.02825
28.98926
10.27362
14.42933
16.56609	39.68546
40.92899

43.79251	20.50959	28.53784

7.667125
54.11531
39.16812	29.54545	19.95493	14.862
7.644765	42.43423	52.23769
10.27508	26.98154	10.12194	48.15356	2.42429
2.830432
39.06385	9.214748
33.04562	54.28369	32.30067	53.69446	48.9227
20.60555	32.5347	5.319541
2.254402	24.92189
27.6279
41.03948	25.78994
28.87897	38.16243	3.282787

36.21173	29.18581	1.518851	31.32222
23.18653	7.480776
28.53791	26.88276
40.12482	32.4343	3.83344
25.01295	42.92428	0.2476803	12.48258	19.45382
29.44434
37.53684	18.62523
38.74585
49.40804
38.70553	51.89169

10.94477	5.595827	10.44708

18.70417

37.35345

28.67104	28.68535	41.14796	55.12947	18.88474
38.71676	13.23285	9.748212
1.481712
8.005736	3.426691	51.11035
1.438557

36.32427
38.57251	27.73801	2.093595	9.549515
38.11376
16.01626	9.723151	8.485774	3.474529
0.07296627
39.83299	33.59032	29.73835
44.40435
34.38856	37.36318	36.18188	24.69207	54.76262
27.36698	1.302761

39.07607	4.925571
42.87797	0.9220148

44.13886
36.60597	20.23639	34.13355
26.2295	7.489897	16.61133	13.58337
28.90026	33.41571	22.10565	2.206023
39.66583	27.4548	53.92926	26.98211
40.96305	29.10374
38.73192
31.87678	4.440542
55.03152	17.9886	50.50309


0.2947793
25.62424	21.59078
41.7966	22.53842	6.738579	12.60729	15.16568
55.08537	37.96569
37.80075

14.42683
28.67214
2.928694	40.8678
1.163166	55.88811
25.58275
9.727878
24.01103	55.29998
55.2767	39.20666	37.24188	24.75453	26.71853	36.13455
55.01333	19.26869	8.247511	28.35877

34.16975	12.65075	4.403805
55.24403	21.08992

53.84056	27.07174	27.06422	9.89511	27.74809	18.88815
15.1544	55.17181
51.61268	41.34094	23.31302
36.46551	20.25833	52.51467
48.59818	33.66898
28.09542	2.802594	52.19618
4.502184	44.17773	36.80439
13.32492	55.29952	44.27565
55.52044	42.39843
44.00405	3.440717
54.90648	34.5464
55.13667
55.46756	9.697459	35.69064
45.55556	40.60879	33.49624	34.57036
47.366
24.15901
32.11019
20.61154	55.46207
9.144979
13.07599	9.785037
10.65292
18.20292
31.95868	41.60097	4.436592	18.38502
48.03561	24.30315	55.50836
30.46738	47.23714


33.57642	55.326	46.65067
11.71349	3.50425
38.82244
43.95955	5.775792
39.65308
31.6844	13.19917
45.47147	20.98461	54.95638
38.51638	22.72054	4.73797	54.7202
35.51846	54.70186	8.037245
42.24914	26.16187
39.0316	3.649247	1.185908

28.19275
2.537014	51.53376	26.55415

40.27521	54.36617
6.106633	8.42535	38.76525
38.45956	53.7338
47.74833	42.66862
37.93683	16.36792



38.30416

40.20738	32.75667	17.23077

17.89114	22.65112	20.94016	45.76961
38.29135
38.6431

55.29383	11.38479
53.88173
41.14957	33.7785
39.54533	50.77276	48.80574

18.8886
42.49994	30.86697	42.30895	7.516557

29.06792	31.05681
41.27948
21.22832	31.80203
33.27646	7.36465
32.55945

11.65637


27.67511	25.94788
44.69599
15.98738
33.53907	0.5822372
31.20774	23.29421

28.13854	54.90872	40.46558
54.1902	23.97886	23.78479
41.6383
7.6896
33.96409	30.51756	7.770027
36.30272
49.20637
46.00751	53.92856
29.12332	17.35141	16.80037
25.86309	22.42447	12.97446

17.23699	4.815218	7.541459	1.844167
31.3453	6.340443
54.97633	48.40963	27.88085	52.82322
32.26389	54.93209
54.93209	23.47215

55.34423	25.05689
54.99071	12.12573
55.15367
19.19957	56.11399
22.26646
11.29547
40.23878	2.775005	35.74078
37.46868
7.070198
54.91107	2.633309	5.758608	6.807983	54.29249


27.35498	37.50448
18.31948

17.53255	52.0503
36.61025	12.73981	39.96764
23.21514	4.622893	9.663672	0.0983953
8.042422

41.47323	41.29469
32.02532	34.52775
16.73925
8.206078	6.638062	7.801524
15.63078


29.01072	55.25816	4.693539	13.51366
55.32642	23.50774
12.39511

16.05478	24.40767
42.0344	52.97348

9.061414	5.819526
34.58494	9.708133	34.59628
43.72881
27.44141	24.19832	42.17002	14.57707
2.826798
9.841615	25.40516	11.44544	43.67323	22.79551
37.38021
36.84322	30.01966	16.00599
20.88206	39.69998	55.45553	10.71051
16.50545	0.5935308
1.217411
40.81365	55.49492
35.42367	42.25044
19.09613	17.07489
35.37817	24.0416
24.20553	29.88865	9.055342	1.563963
9.115782
13.05412	5.434245	9.441124
25.80399	39.96379	6.450369	26.60934
21.92733	47.37432
10.25437	25.64123
39.5273	28.79856
37.78494
38.50358	2.985909
37.23937
8.384792

21.99046	19.80892


28.3847	38.28524	54.66234	1.816098
42.43748

38.3466
41.11242	7.594332
28.16313	15.25507	20.78355
14.60126

34.52656	29.14454	8.940848	46.64618	8.858476	43.19716	40.34698
53.65519	51.32574
53.68507
25.07951
16.28626	31.32342

54.25251	32.32778
51.66267	33.63677	28.53972
34.25116	55.0544	39.58763	18.12711
17.11154	44.24232	16.08239
51.70851	38.41429	6.374022
44.64973	18.18084	10.98253	8.772483
34.50114	19.22053
36.94112
0.08418764
19.16684	4.495154	46.1291	40.69383	44.44963
29.08908	17.0914
25.22477
55.36199
21.98376

5.657508	3.366763
21.88102
14.11596	12.13517
27.04255	5.363102
19.02288
28.75024
51.38428
37.79551	36.26742	55.60736
12.9005
27.68288	18.50077
46.81848	42.43078	33.78829
38.48391	1.044169	0.397399
42.84923	39.10986	18.0401
9.225606
37.42202

21.4446
17.47908	47.22128	12.81704
36.30074	35.87812	14.16672
38.44967	22.43832	28.60557
35.39494	19.01843
2.660627	36.20041
0.4870918
7.125314	47.62651	13.73896
30.85895	18.66969	18.11167
31.65948	32.71338	20.17994
28.1538	24.80979	1.634921	8.73038
16.02546
37.52048	32.70216	13.55993	30.46138	11.05416	18.36333	23.73757
38.86748
37.50445	33.69809

25.90533
41.37314	11.97347	0.6455475	38.53149
43.16098	16.37247	55.5904
55.25282	42.52506	0.4150143	41.78861
55.30822	16.00889	41.22281	11.90137	2.614509	1.874952	1.122305
4.493839	1.49245
51.44709
43.37984

30.62245	55.63769
28.14103	8.447801
55.3456	40.78386	6.565329	30.45725
17.21726
41.84599
27.39724	38.3358
9.023045
24.28583

17.74293	5.087242

11.99602	7.968419
28.84211	36.90395	22.65166
40.42664	25.27484
5.699178	55.58618
54.7418	11.68453	27.84025
51.69856	40.69395	16.7434	32.76725	29.84528


22.38262
37.49894
39.93685
32.22279	51.97389	20.73266	1.037243	1.585178
27.56744	10.42143	6.718366
31.10825	3.022677	53.78663

47.68819	52.13847	26.77275	12.77676
39.16763	5.390724	29.70991	25.82171

27.54533	37.49917	44.5519
21.56335	14.59022	8.807868
7.096386	55.86988
43.31922	22.08701
21.44363	52.82833	37.55375
16.14514	26.15147	0.1881714
39.44917	17.73818	32.08396	1.287416	30.03763
50.17422	28.40621	7.639544


15.60376	49.21983	11.58014	16.64634	27.0401
8.587092	4.300721
37.30058	3.384277	1.46672	0.2140411
41.09796	27.88095
13.41356	55.46422	12.40969
15.62806	4.450539
9.551148
24.18311	47.17757	56.03093	32.38116

39.62516	28.7322
36.1964
26.99164	6.947107
40.4641	30.37147	39.12907
33.35723
28.79407	17.85801
55.0794
10.77148
13.26018	4.369999
5.131895

47.7815	53.74297	24.36376	28.8992
27.81594	18.0938
55.23919	20.64323
36.10034	13.22361	22.84186	26.975
35.82529
8.57255
31.12228
34.92158	3.470191	9.294636


28.92177	34.21769
38.04968	8.213732	36.99736
43.91784
35.02521	32.94986	31.09772
39.38839	36.22022
43.79656	35.91645	25.16633
46.56437
36.45013
32.35751	27.64908
44.19864	1.121209

43.59802
2.834065
0.6888672	54.94237
50.966
40.13713	10.07547
11.37713	3.183161
14.53256
41.81086
55.15032	49.9827
41.14249	0.764336

28.02809	25.67037	55.91907	7.182647

19.69056
17.27751
4.086252
28.82966
37.07218	35.33747	55.27637
18.14303	51.01223	48.36439
40.2994	38.98688	48.00804	47.75361

25.18136	23.13776	45.2232	42.54245
32.63975	31.4906	55.16269	20.45647
0.5519917
38.65776	8.877682	0.5280265
55.74247	42.45483	31.96407
42.74085	37.58075	32.28179	55.24315	13.49581	19.40883
42.2207	22.12367	8.310213	30.33602
37.63854	26.41227	13.6268
36.78937
39.91863	54.95362
40.61403	33.26851
20.63769
53.94736	40.05016	28.15905
7.905099
51.23429
37.23312	6.469772	54.53173
38.86834
4.582013
39.90595	0.3196684	32.83534

47.69928
23.68767	30.17656
2.747098	52.77011
41.19945	19.3484	46.43093	46.7045	48.02778
21.65905	20.88815	18.69459
40.67876
24.34519	41.76009	23.23434
25.67652	28.18472
10.43305
55.39312
3.657265	20.57416
54.94353	3.462413	35.94046	0.4576028	30.6147	28.4482	24.02111	28.38239	33.88755
53.75997	18.92918	9.785779
32.27523
39.51124
40.19842	30.23679
1.076427	48.19981
35.14612	16.17052
16.1424
30.23493
42.0338	34.72434	29.96693
28.06071	17.78024	40.96462	26.63741	32.30535

8.293263
16.38531
6.442089	39.0571
31.33812	15.94316	40.52228	3.195978	9.032325
29.025	7.475271

55.35646	25.70763	4.48021
37.39231	19.73522	15.56253	26.25535	33.32635	56.084
6.657387	2.142215
28.39343	9.847726
11.94066	45.72279
20.69416	30.39354	31.29338

38.25626	31.82617	17.3675	50.53419	45.83377
37.35575
4.205976	43.68797	0.08699473
54.93982	17.12396	7.135456
55.44094	37.05493	25.50598
36.78506
34.50588
19.12963	1.532668	1.300762
2.072633	0.7558234
39.96397	49.20343	43.48922
37.97457	2.20108	55.4259
5.040622	20.81518	14.63841	44.81165
43.91884	55.50501	18.32775
55.30222	46.85891	43.84558
30.49144	44.9911
19.37958	44.98744
27.94397	4.63211	23.18559	15.48493
45.29585


1.611794	31.29559
41.17713
2.925283


46.35338	2.089681	45.6665	34.47705
40.83612	28.22573	18.72603	16.15391

18.28363	28.39718

7.506722	37.32556

42.80032	41.43742	26.55616	0.5787936	44.33965
1.063462	26.33036

0.6862702	24.02994
25.3966	20.42112	18.37977	54.74774	37.65551
43.82745	28.21367	44.19446	25.94121
35.93825
28.12437	21.11087	0.2490645
29.36028	19.78939


19.46291
40.86268	3.811254
55.31783
54.89993	42.41714	52.62697	17.16199
39.99308	55.70163	18.78237	1.285357
13.87308	11.31645


40.69002	29.09219
40.00558	28.83888	24.21194	8.463885
20.76544


35.6947	49.35113
21.79578
11.71329	7.176514	12.02256	48.9979	3.578715
44.90587	11.18647	42.81959	39.69323

29.72041	25.70395	40.81384	39.22081
29.19449	25.06981	18.93823
15.496	9.74658
3.71728
40.62499
36.70697	29.5692
13.58261	41.96745
41.22181	22.79534
14.01597	17.17329	54.98897	4.219708	9.981376
27.63892
15.81759

19.64746	12.78764
49.06858
41.05602	29.41042	50.32375	4.337596
45.9386	41.54016

29.62884	20.86361	2.401675	28.58992
16.85191
32.71663
23.32485
43.27262
40.65361
0.598065	8.809636
11.35968	47.50829
38.38702	4.860679	53.96384
50.24602
3.209029	55.28643
42.57126
31.37432	35.96207	13.90648	4.02961	11.54388
37.62969
37.09715	48.53601	32.2813
30.19854	31.85628	13.50305
31.84658
54.88679	36.89209	23.47659

38.73445
52.83497	37.42442	52.68775
47.46071	15.53379	9.085771	30.50237
54.88313	34.85097	1.438298
54.88313	41.23905	6.677055
28.2203	39.76894
37.59588	29.50955	20.93942	55.25224	44.26749	4.450363
18.45703
55.31551	41.33484	48.43165	40.561
54.71	38.00315

43.72332
29.88665	29.71649	4.158321
30.01387
44.75157	6.969982	29.63296
26.00671	34.47453	47.41766
38.18668	10.28337
38.02254	35.90926
15.11563
23.62304	8.951295

28.91437	20.06559	33.46533
4.695095
38.96884

47.97788	39.64828
41.59121	1.314357	48.85133
41.43696	26.77672
39.91747	25.59776	55.02341	55.84196
49.17985	0.5278844	56.01214	41.44959
24.68538	6.279218	1.201501	18.75644
48.79444


39.17779
37.9412
54.94649	17.72561	14.66659
54.94649	17.43745	35.07752	7.805963	31.32587
21.38635
2.673856	55.06789
38.11919	29.07756
40.15185	16.55572	19.89896	17.23591
3.780887	44.75359	40.84591
27.93505
6.381055	32.64325
39.36796	55.48059	31.00114	6.663482

42.06434	20.20353

34.81317	16.08858
7.510733	24.94532	7.845111
25.55558	13.59943
28.34673	17.60519	51.3412
2.641138	12.61005	11.59323
0.3982816
45.48945
17.86869	10.37053
38.63988	40.00142
44.53981	25.2894	10.79273
36.12667
11.35863	22.74117	11.77073
25.75207	55.17579	22.48429
13.0712
48.20852
26.49244	23.27914
20.3451	19.82307
38.06107
41.04688	55.30999	40.29598
55.30999	27.17165	40.67839	21.05594
26.43274	19.32808
45.98378	42.84353
30.47442	5.476152
37.39927	28.11526	2.296974	42.36718
8.577095

21.67031	55.03027
55.42749	6.210506
35.18018	13.66893	8.016944	28.66748
15.71472
22.91042	17.71123
36.58007	30.11549	52.03808	41.8881
28.90225
35.57929	26.96146	19.19351	55.61202
28.27004	6.253491	45.41424	19.33895	53.97006	12.58503
14.8771
52.31539	40.94131
32.26682
21.44142

5.242152	40.77653	29.78776	34.92082	31.2544
27.47838	51.44842	53.8972	43.32323
23.71149	23.62788
17.03691	8.384518
11.99367
28.91715	20.27779
24.8103
20.71788
13.88946
6.098228	5.138941
42.65623
55.01735	22.1692
15.99881	37.81632	12.85186

47.45026	8.89249
21.08443	18.96681	16.33765
55.04366	50.9486
2.091026	37.28614	28.536

40.80427	10.1417	2.233824
38.16295
40.5992
42.56669	25.54564	55.70642	49.58778	22.87898
27.27334	3.351131

28.03062	41.02288
38.98624	38.25056
21.08342	12.87912	11.18118	56.06996
14.39548	39.98989
35.84339	0.4458767	14.95773	5.686286	27.16922
24.74527	47.59324
4.796275
36.0589	14.67769	32.34619	55.4696	14.96714
39.61007	28.94444

17.47246	2.736004
3.372924
23.17561	6.955819	10.04655
14.93787
24.41919
24.85466	9.833172
14.5781
42.57228	35.58495	49.25172
9.754021
2.64232	30.2821	41.12511	30.11265	39.63235
38.87716	39.64628
20.23809
41.0191
24.13301
29.20071	45.93985
20.87551	6.053749
38.30173	27.48123
38.36699

16.12201
4.965755	54.52079

13.54918	40.32616
13.08491
22.1875	55.21288
55.3686	25.09174	10.01023
55.3686	44.24107
21.86539	44.43136	9.75141
54.72822	55.39533

0.185325
15.67242

18.88755
8.845459
40.22671	55.52487
16.85402

54.34706	55.39411

29.78588
46.99195	41.09674	27.82916
23.84324	9.031867	2.622285
42.51938
23.77721
34.78406
8.820589	8.879514
33.08927	13.59488

35.24602	1.673923
3.654926	0.866325
15.35529
5.085118	42.55856
7.895746
39.55565	5.662698	4.365189
36.07242	55.28334	21.2092	28.38027	16.45379	6.747237
55.34841
15.91457
39.86014
31.39664
29.16086	47.34688	39.19484	30.22546
0.6300765

16.6214
54.65248
54.93527	3.560712	25.52339
38.39354
44.11824	23.9519

25.66189	24.756	44.43659	38.85207
37.19834	54.77768
0.3785928
51.91662
37.43809

7.907586
22.82859	45.3931	19.58486
27.47256
43.63644
34.72356
23.82579	24.99637
3.69308	43.61383	52.40386

42.79473
35.58402
55.20212	0.02226574	42.37049
18.25398
35.73362	2.766719	38.82096	19.30351	45.4289
22.53973	7.180676
42.33519
37.94074	7.711698	23.22896	23.66964
47.95097	35.42311	6.63984	39.21758	53.31575
42.15267	29.64798	17.63505	56.03657	38.33608	54.07186	52.7201
18.40445

42.80074	46.92517

46.73704	31.82924
27.305	16.23195
13.30474	35.95863
55.35574	41.4648	34.35073	54.70034
55.35574	48.35213
47.61672
55.48004	22.00401	29.06823	12.75459

8.422545
28.89485	21.06603	30.09431	42.37568

35.75712	31.46464	26.88944	20.81446	39.54635	8.470364
40.60393	8.016051
47.53262	5.97606	8.447722	45.53149
39.88215	16.22081
29.28685

25.90867	7.234342
27.77202
1.570709	38.60176
5.490549	28.23984

38.54671	23.0569	10.66025	9.685845
44.46832	20.41985	19.75642
32.69551
38.49643	54.56437
28.31958
25.51401
29.48771	12.94152
3.883094
36.468	36.73246	16.73242
29.77867	22.96921	19.83187
40.77498	22.91854	20.83148	33.44691
49.89012
38.54099
36.96443
41.60072	55.41139	29.97398
55.22298	5.755801
28.19598	3.593872	40.32855	1.661446	0.9672553
42.9515	20.42783
31.62629	1.911893	16.95728	50.98687	6.40791	4.227242	47.92294

38.70613
27.57828	34.77573	25.28996
4.819729
53.15177
37.14459	54.71858	29.61386

42.25094	27.90931
55.20011
28.47474
36.83879	21.06153	20.46911	18.31949
41.02852	36.67476
32.02757
35.79232	40.90102	8.958197	30.14713	27.20013
37.4997	11.06245

40.70297	50.59082

8.092366
55.55115	36.39502	25.50035
3.006622	12.33623	6.676345	37.4943
40.23572	0.6000527
6.291582

33.41734	15.03168

45.57243
10.85757	9.779377
37.11893	19.70506	52.50798	34.88985	5.711415
37.60248

18.08456


37.56206	33.30179
41.23617
40.82517	54.99083	9.336083	17.03456
20.94751
24.70798	18.05406
4.850169

1.700204	29.61664
33.56466
22.07467	10.69535	45.99356
55.10749	10.41634	3.078341
19.97541	53.48434	6.996155	51.09305
19.81749	2.641039
34.65144	37.05025	54.77763
38.5464
30.44403
4.852756
43.80266	26.11933	7.957948


25.93388	47.84902
55.33767	23.03385	10.79248
54.9291	38.54301	7.807869	31.45438
48.81158	20.9967	14.1224	52.36838
45.38571	41.50815	23.37011	37.71168	27.7383
19.79739	53.26752	1.333067
33.8089	8.014494	16.86716
11.35814
48.83791	44.20061	48.53759
55.38533	1.209233	26.50557
35.5828	5.488721
40.20066	24.25121
27.98337	20.28593	12.7703
21.98265	38.27009	55.74641

18.9671
0.4224045

9.360425
22.56974	28.77071

7.615933	4.920021	38.98525	30.32018
38.68101	11.85581	18.95828
44.63847	28.98399	38.53316	24.40238
10.82289	39.50062
3.116112	40.94593
39.211	28.96039
40.56916	35.20594	55.46189	29.74885	43.75467
36.57483	55.46189
55.02302	21.89092
55.01163	48.28082	6.332171	27.34804	54.36326
5.80945

54.01258
6.876906	52.99751
26.57638	23.59818
39.9006
32.00437	25.77575	1.230345
55.33137	19.40124
55.36373	39.37845
38.50581	28.81534	24.99787
36.89424	54.99893
32.87019	37.62003	30.60793


21.72086
55.5043	38.54994	38.17984
54.63598

46.27422	9.006552
55.50968	47.71915
28.38386
18.76611	10.40578	18.70967	3.985889
39.67736	4.680866
23.48888	18.21038
21.6815	43.79604
17.64521	4.844493
41.93824	6.728343	13.94828	39.88793
16.95695
1.6207
34.50631
18.87913
26.3879	28.48293	24.40845
55.39758	19.60943	37.24405

10.79996	7.270086


27.46166	0.4639953	54.33879	11.47479	27.26993
33.26414	31.1879	17.68779	31.58653
9.3676	37.53049	54.31807
4.51243	44.87797
4.960871	36.36166

39.97145	17.50272
43.81369	27.34384


38.39853	20.39708	39.83778
31.24686	37.70375	24.72039
10.82453
5.78377
4.153339
37.11933	28.06594
54.08827
38.41378
37.8682

42.84844	16.31431	43.11574	10.74843
51.46539	16.69666

45.87081	44.00766
0.2553111	53.66262
54.90733	12.82688
55.41508	9.62983	3.967914
55.36897	36.90273	4.045913	28.65677	55.17567
35.9197
6.95904	1.909591
14.34897
7.391443	18.55989	55.21448
22.48315	27.60098	18.01847
13.32441	4.779648
38.93802	55.39328
37.01178	54.87937	34.68404
40.2349	54.87937	23.82838	11.22812
55.45936	19.08178
15.35476	10.94615	40.50759
17.60811	42.44798	2.907131
28.90338	0.6943529

21.39776	48.98365
25.80299
21.7657	44.51096	47.10716	16.55613	16.22599
31.56617	30.7259
37.90994	55.70822	12.54181	10.48767
38.74846	25.95028	30.92406	52.21562	23.52274

21.40327	38.26825	18.34893	55.37841	20.58097
36.9342
36.33372	0.9234858
24.70534	43.6392	22.3592
25.62855	10.27239	21.14372	32.54671	17.96839	45.66711

26.10534	0.6216242
38.26704	55.31479	29.29196	5.389419
25.48236	0.2449131
27.14456	55.24462


41.16786
19.57564	19.3666
35.79471
45.9464
41.12463

17.54512	10.26574	10.66626
1.177732
22.01574	7.015363
55.55284	23.87391
19.86305
16.92142	36.09759	25.7342
9.991012	13.43811	19.03158	18.513


9.305391
19.09251	17.84803
36.62993


7.349174
15.44482
5.88289	30.60828	19.47677
51.85743
8.851085
3.552996	54.86422
27.94102	23.26362	55.3136
10.57655	0.08589502
37.30606
39.7378	14.4815

45.79491	41.86466
34.48008	44.13296	22.77707	33.02372	0.8803801
2.649707	30.148	45.22104
40.50079
39.96366	31.63368
49.86034	28.60867	40.11991	45.71598
39.07215
41.19432

38.98889
39.05396	30.90191	19.92836
43.04807
39.56864	9.472319	0.864123
41.70894	2.643875	26.20199	24.44225


47.33541	31.73253
32.49985	21.9955	30.38271
37.72806	25.87979
11.13912
31.51101	9.833691
30.84555	25.91825	18.46576
55.4057	41.83435	50.69266	18.16113
1.856181	29.71243	29.09022
2.561147
51.93043

1.389631	38.15946	39.27594
17.83577
55.05149
40.65157	47.42029
18.61969	12.85536	53.94867	15.00085
35.73899	35.64729	30.73343
36.91598	8.486812	50.31684
13.93882
19.47869	0.8826323	15.26116
45.33851
12.4193	50.52649	55.03998	8.643532
1.854301
40.16285
42.23355
35.3637	29.28531
28.69297	24.31233
35.50908	17.79809	15.79549
44.53202	23.05673	0.4156747
27.66368	11.70164

4.853062
30.73923	30.17657	6.945871
41.36698
24.48037
55.39453	3.472535	18.88517	41.03721	11.69803
55.39453	5.280106	36.8022
37.34566	26.88253
37.46305	52.92452	34.65422	17.68932
38.78281
55.40852	37.13883	0.5132766	31.01163

34.99874	29.49155	8.027566
51.6639
53.93154	35.63167	2.362917
54.96759	19.05228
54.96759	41.54927	1.923499	16.95376	37.85613
54.96759	37.17441	25.44293	36.02826	17.70594	21.52982	10.59573
51.07211	26.38626
52.80841	38.78777
52.31539	40.08811	53.65432

14.00116	11.81193	7.542368
38.65744	44.99786
46.22185
35.23007
11.22974	39.84856	55.19571
54.68795	13.09164
55.26085
55.26085	34.1182	30.31389	27.91907	50.84997
41.11447	16.13341
49.02771	50.20655	31.44902
28.339	36.22187
4.686974

19.64119
18.68713
14.27816	15.89767

36.87798	31.52536

51.92086	12.21103	35.86549


42.58733	5.800301
38.43231	12.63016
24.12328
49.87635	1.604531	43.10498

55.37262
14.85163	52.8571	38.5774	2.437897
